Epoch	AverageEpRet	StdEpRet	MaxEpRet	MinEpRet	EpLen	AverageVVals	StdVVals	MaxVVals	MinVVals	TotalEnvInteracts	LossPi	LossV	DeltaLossPi	DeltaLossV	Entropy	KL	ClipFrac	StopIter	Time
0	0.6120314	4.72843	27.204714	-9.753024	17.69469	-0.102291256	0.2303105	0.49447978	-0.78470194	4000	-1.7881393e-09	13.335565	-0.028534956	-2.196784	0.91894394	0.01762185	0.22325	6.0	2.8427505493164062
1	3.0261867	5.8900065	31.16032	-9.114668	19.55392	-0.71310115	1.037975	2.7745945	-2.6031692	8000	-7.867813e-09	20.001202	-0.02741361	-3.8317795	0.9177503	0.015117223	0.13025	5.0	5.942831754684448
2	7.0718803	10.863369	80.3117	-3.7181184	23.656626	1.2416532	1.8036503	5.1834803	-3.4816995	12000	1.9669534e-08	77.85141	-0.024479086	-14.718716	0.91710895	0.018316327	0.274	8.0	9.211622953414917
3	13.116322	13.544519	71.17356	-3.0293303	30.037878	4.6569023	3.1660423	9.302719	-4.7935066	16000	2.2292138e-08	91.59761	-0.026282553	-14.183968	0.9160604	0.016460832	0.225	8.0	12.459471940994263
4	29.087023	28.412289	173.025	-0.3497812	43.511112	8.834047	3.3649514	12.548648	-6.0962005	20000	2.8669835e-08	439.8346	-0.01849625	-92.92322	0.9145915	0.016222257	0.25075	10.0	16.260329723358154
5	58.531723	54.11575	203.3024	5.8704395	64.5	14.490048	6.25185	18.84774	-14.049673	24000	8.8214875e-09	1232.6813	-0.01315042	-232.35388	0.91280997	0.015503056	0.20525	13.0	19.962052583694458
6	88.66543	68.464905	228.0726	7.2575107	81.520836	21.494274	8.094901	25.635996	-23.16636	28000	-5.3226948e-08	1695.2834	-0.031402953	-271.09167	0.9110384	0.011673656	0.15975	79.0	23.639047145843506
7	112.98468	75.615486	267.73297	4.4530945	93.21429	27.218435	8.8940935	31.578148	-16.835218	32000	-2.8043985e-08	2096.9846	-0.012647869	-306.23218	0.89668727	0.015307885	0.16	12.0	26.288344621658325
8	164.00551	78.56081	286.00446	12.500209	113.314285	34.424183	8.839561	36.70623	-34.0298	36000	-4.7624113e-08	2805.288	-0.029253364	-412.74927	0.89598054	0.009312545	0.15225	79.0	30.0322687625885
9	171.42206	82.23508	287.70227	-0.38951376	128.56667	37.023212	14.457755	42.184906	-38.27379	40000	-3.0994414e-08	2465.1472	-0.03244539	-320.9397	0.8922076	0.015020962	0.1605	77.0	33.060131788253784
10	170.5304	83.2647	279.69003	19.214828	122.59375	42.44756	12.964103	46.411663	-23.787802	44000	2.1100044e-08	2308.824	-0.032874938	-304.50452	0.8928799	0.010353014	0.1875	79.0	36.736422061920166
11	173.71751	78.19468	289.82684	3.669797	120.878784	46.198433	13.268294	49.795322	-33.982098	48000	-1.7881394e-08	2063.5972	-0.030923318	-205.93689	0.8828995	0.0069526173	0.152	79.0	39.55086636543274
12	170.34099	77.92792	303.38098	2.5727202e-05	128.45161	45.55592	18.55376	52.940193	-43.89847	52000	2.3722649e-08	1689.9115	-0.03124039	-171.6842	0.8833903	0.008130042	0.1575	79.0	43.130072593688965
13	183.67062	86.483475	302.45514	31.892733	140.46428	47.319477	20.395342	55.49381	-35.15501	56000	4.3034554e-08	1738.3579	-0.034191094	-157.98352	0.87928754	0.013293569	0.18125	79.0	45.95222091674805
14	214.54622	40.92521	302.55624	85.57465	134.2069	56.415337	9.847638	58.032494	-25.90485	60000	6.6757204e-09	1778.9117	-0.031810522	-179.41687	0.873195	0.007919376	0.184	79.0	49.20130205154419
15	213.33449	85.3864	298.6379	5.053698	151.57692	52.16214	23.576153	61.048943	-27.431646	64000	6.3180923e-09	1877.1316	-0.034288414	-289.83032	0.8733389	0.011744431	0.163	79.0	52.51274919509888
16	191.13715	89.06555	322.3996	16.862938	152.6923	54.978615	22.943417	63.745583	-35.345818	68000	7.688999e-09	1626.9802	-0.034115158	-341.0758	0.8693082	0.013448892	0.18575	79.0	56.01879072189331
17	241.90323	56.36654	378.7708	103.18434	159.16	62.47335	13.362831	65.45661	-18.337902	72000	2.336502e-08	1603.1443	-0.012027593	-172.46399	0.8650609	0.015065777	0.171	8.0	58.577924728393555
18	218.45744	76.20988	326.1899	20.070833	158.72	62.109875	20.266954	68.12225	-17.556227	76000	1.4901161e-08	1351.8702	-0.03492237	-122.29724	0.86463475	0.0102087045	0.201	79.0	62.117167234420776
19	207.47055	89.35054	307.56512	7.4273715	147.65384	61.806393	23.531872	70.18211	-28.10331	80000	1.704693e-08	1509.037	-0.034821462	-160.35132	0.8569534	0.014751463	0.19325	79.0	65.21289157867432
20	231.08838	65.63282	349.7906	25.439583	155.64	66.35053	19.011734	72.31794	-35.776627	84000	-1.5854836e-08	1447.2478	-0.036519747	-277.37122	0.858531	0.011017346	0.1905	79.0	68.30555081367493
21	229.16379	64.8523	352.8392	54.04657	147.62962	70.64291	16.617195	74.203766	-23.495039	88000	-1.8000602e-08	1382.8623	-0.038513582	-117.43152	0.86092263	0.01242515	0.215	79.0	71.4573028087616
22	222.55783	91.16237	431.29028	15.887704	152.23077	66.755356	25.524298	76.15359	-19.03084	92000	9.953975e-09	1499.5977	-0.036650073	-216.18933	0.86272085	0.0065966267	0.19375	79.0	74.79279947280884
23	224.82335	57.437233	310.9823	61.03937	143.59259	74.05688	16.17502	77.97443	-16.440937	96000	1.7404556e-08	1207.3704	-0.011849946	-83.7887	0.8639559	0.015281903	0.18425	10.0	77.84409141540527
24	244.68878	78.34214	349.12283	20.307266	156.4	75.548325	16.925264	79.43366	-16.757536	100000	1.7762185e-08	1293.145	-0.03810035	-92.37036	0.86317325	0.0075624445	0.21575	79.0	80.85939407348633
25	263.9784	106.71265	455.95676	23.795835	189.2381	75.84891	19.63313	81.456406	-16.57827	104000	1.0848045e-08	1217.5203	-0.032017805	-157.07446	0.86548126	0.015022467	0.18125	39.0	83.48465991020203
26	226.60553	98.17595	348.93787	3.502306	175.90909	71.51531	28.878988	83.12263	-18.302765	108000	-5.4836273e-09	1116.7255	-0.0399549	-151.4093	0.8630659	0.010912655	0.2355	79.0	86.3018901348114
27	251.52234	81.27563	335.7485	22.286467	167.65218	78.70774	19.73272	84.134285	-20.653236	112000	3.671646e-08	1328.4331	-0.038333755	-125.994385	0.8511268	0.015052993	0.21925	76.0	89.56228995323181
28	267.34122	101.413216	524.4654	44.98154	180.86363	82.50501	15.498964	85.70288	-19.70723	116000	9.775162e-09	1123.8279	-0.038754392	-122.56549	0.84878767	0.010960262	0.21125	79.0	93.14652109146118
29	271.0465	41.26165	356.09552	200.9445	169.43478	86.71396	2.6865735	87.17453	31.978685	120000	8.9406965e-10	1070.6382	-0.036148	-45.54602	0.84947234	0.015142625	0.19825	56.0	95.75610733032227
30	257.79373	63.037067	408.62302	99.540215	163.20833	86.44307	13.338718	88.44443	-18.553728	124000	-2.1487475e-08	1161.7454	-0.011882713	-96.75769	0.841473	0.015266388	0.20625	9.0	98.21773934364319
31	275.02307	80.76202	514.7507	176.72577	184.09525	88.27769	8.878417	89.499825	-10.50361	128000	3.8146974e-09	1027.075	-0.012557396	-122.09473	0.84121734	0.0152920075	0.22975	9.0	100.6253776550293
32	280.2235	61.09608	395.13272	189.33409	173.56522	90.233345	0.023997342	90.23521	89.15942	132000	-2.5749207e-08	1078.2404	-0.037661843	-17.821533	0.8392032	0.015027054	0.21125	44.0	103.24720668792725
33	289.80835	107.19469	588.4366	44.16789	202.3158	88.59393	15.785253	91.480034	-15.3563	136000	-1.6450882e-08	1163.8948	-0.039237417	-268.625	0.8401986	0.013581316	0.23575	79.0	106.04935836791992
34	301.61972	73.001366	499.8728	219.22401	188.5238	92.65704	1.4574475	92.8164	44.720512	140000	1.704693e-08	1053.4271	-0.014038053	-28.610962	0.8375387	0.015712492	0.209	9.0	108.47367858886719
35	329.1734	89.887596	574.94543	181.13715	224.70589	91.82811	14.713689	94.20068	-17.18263	144000	-1.6033649e-08	1008.75134	-0.0138452705	-66.04474	0.8370239	0.01578354	0.21525	10.0	110.93699789047241
36	306.02087	169.10994	892.9423	45.416252	219.05556	91.47279	19.069738	95.7305	-14.438414	148000	-5.9604646e-09	900.71014	-0.038969964	-40.463806	0.83639234	0.015041812	0.20425	64.0	113.9389317035675
37	312.37955	96.974625	584.06165	200.52148	204.57895	95.5307	3.9535398	95.950005	-4.257283	152000	1.4781952e-08	948.46136	-0.03846532	-24.802612	0.83663654	0.015025972	0.19375	69.0	117.07493686676025
38	596.2848	360.72897	1114.8817	210.44606	497.875	96.29416	1.8139532	96.40927	29.23882	156000	-1.1324882e-09	407.25986	-0.037649892	-12.865509	0.8436598	0.011258618	0.21825	79.0	120.18207550048828
39	315.23764	126.78191	650.6511	95.94369	231.05882	92.93116	20.229359	97.30863	-21.211773	160000	-3.4570693e-09	978.64264	-0.04088852	-206.49536	0.8395481	0.0117792385	0.2355	79.0	123.40745687484741
40	379.2719	237.52635	980.04156	55.71956	305.3846	89.11603	25.597654	97.66849	-17.079735	164000	-1.7166137e-08	689.26715	-0.012236683	-68.06372	0.8353839	0.01594083	0.1735	7.0	125.84053683280945
41	559.7672	314.3599	1001.5838	111.510796	486.0	95.28686	16.388504	98.48479	-30.544153	168000	8.5830685e-09	490.8124	-0.03884842	-39.583252	0.83577263	0.012926657	0.1985	79.0	128.6934778690338
42	335.97842	103.37426	518.7911	68.381516	233.06667	93.130684	19.8597	99.23718	-16.618673	172000	-6.7949295e-09	843.4422	-0.011557422	-113.41992	0.83345383	0.016735477	0.20525	7.0	131.1326928138733
43	298.95026	108.660805	550.2424	27.91986	200.89473	93.8029	23.186508	99.83289	-77.40963	176000	-3.5762786e-09	940.2094	-0.03460213	-55.368225	0.8334096	0.015013739	0.20025	40.0	133.80151557922363
44	357.32373	195.33067	1089.6509	200.336	241.5	99.74312	5.7434974	100.59045	7.5986156	180000	1.168251e-08	846.4211	-0.014185577	-53.996704	0.83630955	0.016220307	0.195	8.0	136.25264739990234
45	275.91107	94.099915	435.03732	64.81015	194.65	92.78264	26.910105	101.12297	-16.136295	184000	5.662441e-09	1151.5088	-0.043484293	-315.82904	0.8355746	0.013711263	0.22125	79.0	139.4066092967987
46	371.00833	205.1355	1035.7659	212.67163	258.73334	98.989265	9.224659	101.36172	3.594	188000	4.6491624e-09	764.2236	-0.013843217	-439.6904	0.83941007	0.015043115	0.2505	10.0	142.1850357055664
47	302.7154	52.09706	435.02045	224.71204	181.0	92.718544	17.727985	102.16724	35.28404	192000	2.3841858e-08	478.68845	-0.039594352	-176.8515	0.83849096	0.010518093	0.2225	79.0	145.20220112800598
48	376.29346	128.7269	734.60205	188.26343	257.73334	97.1125	19.639187	105.10502	28.276127	196000	-2.2649764e-09	237.7083	-0.03469567	-42.857834	0.8349313	0.01511811	0.19475	45.0	147.85182929039001
49	287.24747	92.58632	418.93268	46.282734	201.63158	91.54425	30.327843	106.96702	-16.117165	200000	-1.6868114e-08	706.88055	-0.035332464	-328.79523	0.83148134	0.01512288	0.207	61.0	150.48685383796692
50	321.82874	81.21354	527.85187	254.43044	200.1579	97.14903	23.197186	108.407616	28.728302	204000	7.1525574e-10	190.26965	-0.041463975	-45.920547	0.82924235	0.014998709	0.24925	79.0	153.21044754981995
51	291.74344	60.683506	425.89093	136.89989	180.45454	92.3739	31.66134	110.4479	-19.647844	208000	-4.529953e-09	218.30215	-0.036021832	-58.169495	0.81977105	0.015055679	0.213	61.0	155.83519220352173
52	309.18	96.801674	560.96075	67.77375	203.94737	95.98599	30.083265	112.47271	-16.127438	212000	-6.437302e-09	266.1352	-0.03408733	-64.83803	0.8227352	0.015350453	0.22075	39.0	158.4237928390503
53	338.7952	117.27966	722.61816	152.31	224.94118	98.36974	29.09316	113.485214	-16.062614	216000	2.384186e-10	186.94714	-0.040813748	-60.705963	0.82034993	0.012761248	0.229	79.0	161.189138174057
54	311.9244	102.54083	619.839	86.363434	204.42105	95.579315	32.279697	114.607574	-16.149324	220000	-4.768372e-10	282.59683	-0.0107387295	-86.00589	0.8132472	0.015290675	0.1645	8.0	163.9240005016327
55	372.68524	152.02293	832.26715	254.05391	249.07143	104.66797	22.851278	115.33296	22.78727	224000	2.3841857e-09	197.35365	-0.009109466	-13.972534	0.8130086	0.01596956	0.205	7.0	166.34577059745789
56	312.16403	93.826996	605.45154	212.64514	197.3	100.40796	26.081303	115.27194	22.57144	228000	1.07288365e-08	151.14813	-0.04000565	-38.62252	0.8114214	0.0150710875	0.216	76.0	169.4430854320526
57	318.7385	87.95934	476.04593	137.53654	217.5	99.88488	29.439436	115.497345	-15.01715	232000	9.536743e-09	223.10942	-0.042290907	-57.30037	0.7998604	0.011389604	0.25	79.0	172.32748937606812
58	278.0559	70.02338	395.1327	6.4418106	168.95653	96.127785	30.969475	115.34977	-15.749404	236000	-1.2338162e-08	183.69405	-0.034420896	-58.95484	0.80489975	0.015176136	0.19775	37.0	175.65725231170654
59	294.58548	87.53292	458.85168	59.384144	189.33333	98.42402	30.669127	116.32978	-15.851493	240000	3.3378602e-09	225.04526	-0.013790198	-47.02202	0.7982278	0.017171374	0.2365	8.0	178.06501698493958
60	277.76578	58.05586	384.01947	111.95478	167.43478	96.06104	32.611195	116.436714	-15.725303	244000	-1.3113022e-09	145.23376	-0.011024304	-56.330246	0.7961208	0.015677063	0.249	9.0	180.49687314033508
61	298.42917	53.49338	435.26712	235.70018	175.59091	99.116005	28.790049	117.40591	22.33801	248000	7.2717667e-09	94.20387	-0.011492671	-32.843975	0.7944587	0.015122293	0.19425	8.0	183.67812776565552
62	309.3191	61.191544	541.2047	242.66179	188.5238	103.34509	27.94099	118.47495	22.605825	252000	6.556511e-09	86.99378	-0.008737112	-8.479256	0.79411244	0.016970584	0.1945	7.0	186.42166137695312
63	333.87393	91.305145	516.5732	173.93973	220.22223	103.483925	29.029854	118.753914	-8.433861	256000	-1.1444092e-08	169.94493	-0.036599625	-102.76653	0.7940036	0.0116721215	0.19625	79.0	189.2900149822235
64	414.29346	221.44745	1092.8862	223.4618	297.23077	105.33014	27.210747	118.83418	-8.009798	260000	2.9802323e-09	142.39035	-0.0395626	-28.259773	0.79014826	0.01423503	0.23875	79.0	192.44235038757324
65	288.55038	52.50457	442.58826	162.56575	173.86957	95.31389	30.906157	117.19343	-8.104525	264000	2.861023e-09	118.76849	-0.011469638	-36.883293	0.78834146	0.017073056	0.15825	7.0	195.21111416816711
66	308.06256	56.786327	447.3069	225.93222	183.85715	98.72975	28.625513	118.40579	21.774961	268000	-3.1471252e-08	131.58661	-0.0064831567	-84.10257	0.78757834	0.015370245	0.14825	7.0	198.38419246673584
67	330.38574	66.05298	477.87726	245.33156	204.8421	105.30252	26.80747	119.49956	21.940765	272000	1.168251e-08	73.3701	-0.011853888	-3.872223	0.7869408	0.016099894	0.224	8.0	201.12903714179993
68	309.5432	86.37703	519.0162	55.217415	194.15	102.19089	31.23554	119.74335	-8.61411	276000	2.2172928e-08	125.170654	-0.035446513	-73.03436	0.7864244	0.009492909	0.2045	79.0	204.22258281707764
69	298.78857	45.679302	425.87802	220.79054	176.04546	102.55098	28.990894	120.12654	21.718098	280000	5.9604646e-09	59.50247	-0.012913138	-15.657722	0.78598195	0.015351366	0.199	9.0	207.35379457473755
70	304.7985	78.736694	523.80035	152.66187	190.8	101.443474	32.44235	120.74137	-7.632785	284000	-1.7166137e-08	113.07984	-0.039086424	-47.781303	0.7856503	0.015033455	0.21075	75.0	210.6981611251831
71	318.85748	94.89399	605.7076	199.58633	194.1	103.39125	29.078648	120.91797	15.188076	288000	1.2397766e-08	152.67842	-0.038420726	-57.09108	0.7852721	0.015056999	0.2275	76.0	214.21002888679504
72	297.77606	56.09302	425.49078	198.64159	176.27272	103.38486	29.21052	121.0724	21.220013	292000	-1.37090685e-08	58.63373	-0.0466509	-7.5060196	0.7841658	0.014045481	0.25075	79.0	217.0440638065338
73	325.05096	50.67798	403.10202	217.19012	194.6	104.95228	28.518696	121.48639	21.105272	296000	3.9339065e-09	54.029873	-0.013792777	-7.5296097	0.77871263	0.015027084	0.228	9.0	220.3244104385376
74	313.77707	64.485245	486.6889	205.0639	185.90475	105.810616	28.679783	122.36171	21.133224	300000	-2.2649764e-09	54.81015	-0.011273617	-3.799286	0.7784108	0.015883544	0.21125	8.0	223.43705487251282
75	317.36713	84.40265	594.0138	242.18054	188.71428	106.00219	28.974346	122.8698	21.030987	304000	1.6212464e-08	51.178352	-0.046784755	-3.4146576	0.7767329	0.013286542	0.25275	79.0	226.93054628372192
76	303.48456	50.55335	452.86542	225.91223	173.43478	103.95288	29.914772	122.944016	20.777525	308000	4.529953e-09	54.09678	-0.04342201	-8.8652115	0.7653886	0.015110771	0.228	64.0	229.8615698814392
77	310.7444	57.819202	481.40875	189.07405	180.28572	103.42746	33.54117	123.89155	-6.9769897	312000	9.298325e-09	161.2392	-0.012541588	-103.52222	0.7684165	0.015175348	0.27	9.0	232.40740084648132
78	304.9792	68.77067	518.49927	200.95988	181.5	103.18102	30.706593	124.48713	20.71694	316000	-3.0994416e-09	133.88832	-0.012619627	-42.278854	0.76894057	0.016869176	0.23375	8.0	234.86293053627014
79	351.71826	63.51836	459.4474	234.41557	214.77777	105.3168	29.227573	124.00331	20.363155	320000	-1.7881393e-09	137.68982	-0.04007179	-69.19258	0.7692028	0.015010783	0.2505	73.0	237.70361423492432
80	330.95337	71.35171	491.7458	237.66322	197.75	109.07811	28.00638	124.39668	20.295824	324000	-1.9073487e-09	64.63961	-0.035352424	-15.331276	0.752292	0.015123309	0.18975	44.0	240.8520278930664
81	294.98004	46.868748	394.6428	220.54637	161.75	103.19434	32.10002	124.93496	20.116201	328000	4.2915342e-09	124.626884	-0.0431025	-31.423248	0.7446309	0.015051322	0.22725	63.0	243.6979901790619
82	309.8736	53.819324	461.0456	209.16806	173.21739	106.2483	31.934568	126.38861	20.24023	332000	-1.1205673e-08	91.20828	-0.013587518	-12.656822	0.7474641	0.015159899	0.1825	9.0	246.9569447040558
83	314.1164	107.100914	659.71405	77.12022	196.15	105.36076	35.690315	127.53812	-9.145506	336000	4.9471853e-09	421.07538	-0.03739167	-291.90613	0.74759305	0.012037903	0.25625	79.0	249.6978931427002
84	338.55548	93.59115	667.4856	240.77054	196.6	107.75902	30.195942	127.885735	16.343458	340000	-8.5830685e-09	253.84135	-0.014450558	-84.14531	0.736421	0.015176997	0.24675	8.0	252.17651891708374
85	350.36838	91.81307	618.9986	71.99882	202.8421	106.75655	33.69234	128.12035	-9.930721	344000	7.152557e-09	347.1863	-0.011110841	-164.63564	0.73542935	0.016812967	0.231	7.0	254.62796092033386
86	334.7188	56.53259	419.52036	211.07104	181.27272	112.29089	32.40336	131.36385	20.798292	348000	-2.5272369e-08	244.36214	-0.03705763	-41.40158	0.73397136	0.015261399	0.21625	39.0	257.5483946800232
87	325.34027	42.534283	455.53937	265.98404	173.26086	113.31017	33.34758	133.81197	21.20014	352000	6.9141386e-09	155.29352	-0.014156927	-23.620193	0.7262244	0.016752033	0.1895	6.0	260.30938720703125
88	327.18027	44.589355	414.83002	225.72287	172.65218	111.715935	35.09486	134.88283	21.172243	356000	-6.0796737e-09	240.73683	-0.039632693	-40.51149	0.7248956	0.015098947	0.25175	54.0	263.2977521419525
89	355.66068	53.956	463.32626	244.32735	181.45454	112.86545	34.402332	135.93297	21.04258	360000	-7.420778e-09	287.67438	-0.04465694	-124.16411	0.7137641	0.0128024975	0.2115	79.0	266.4138214588165
90	341.436	45.86055	399.86337	216.5211	178.31818	120.916	34.369625	140.37007	21.933777	364000	8.940697e-09	202.18213	-0.03319663	-55.4366	0.70576906	0.015201421	0.17	29.0	269.30174827575684
91	364.9804	49.53999	432.1779	264.56042	186.85715	116.55971	36.033253	141.13548	21.85424	368000	-4.386902e-08	181.58469	-0.038989175	-66.066536	0.7029445	0.01501598	0.20225	50.0	272.2872190475464
92	369.9105	38.0766	450.9996	290.82178	189.4762	120.54975	37.164173	144.10768	22.364	372000	1.1742115e-08	124.89848	-0.04639415	-23.553589	0.69955015	0.011780834	0.2435	79.0	275.0489728450775
93	372.71973	76.2828	518.5924	133.87933	201.36842	119.84059	40.40794	146.20651	-13.019083	376000	-3.5762786e-09	241.82118	-0.040221583	-105.68422	0.692461	0.00993559	0.23875	79.0	278.157434463501
94	370.93735	48.612255	490.18637	283.1958	186.19048	123.990234	38.17346	148.39975	22.866842	380000	-1.168251e-08	199.18925	-0.03351025	-28.997925	0.68842816	0.015157852	0.17125	28.0	281.0179851055145
95	374.75943	40.175632	479.0215	319.5623	189.09525	124.74863	38.55331	149.80418	22.954868	384000	1.3113022e-08	123.744675	-0.0435368	-22.373894	0.6808478	0.011918125	0.25125	79.0	284.1433000564575
96	368.14758	39.717915	452.92593	298.49344	182.38095	124.42098	38.043648	150.77109	22.839542	388000	-3.3378602e-09	122.49731	-0.044547603	-24.569199	0.6691518	0.013562153	0.2325	79.0	287.34370517730713
97	378.94537	45.83887	470.02417	243.56407	190.14285	125.11634	40.23705	152.23221	22.878511	392000	-1.7881393e-09	119.238396	-0.013020576	-23.257736	0.66424114	0.016418945	0.1865	8.0	290.10257053375244
98	364.54694	32.298985	426.16837	307.6925	179.59091	125.49199	40.822216	153.43446	22.860006	396000	-7.629395e-09	87.2674	-0.03634208	-19.411224	0.66344166	0.015216812	0.204	36.0	292.7243163585663
99	373.31458	45.268673	449.47614	244.23767	186.09525	126.34082	39.697144	154.08586	22.649143	400000	-1.0967255e-08	132.33334	-0.012510252	-30.742645	0.65629107	0.015295827	0.20475	7.0	295.18573570251465
100	375.15854	33.433395	457.34204	334.28757	186.66667	126.20399	40.071896	154.738	22.430052	404000	1.168251e-08	111.768845	-0.043158412	-23.361	0.65644103	0.009364143	0.2165	79.0	298.03219842910767
101	378.599	38.698765	454.33417	285.20358	192.3	125.31908	40.580795	155.12814	22.091167	408000	5.9604646e-09	94.122925	-0.042774953	-21.204224	0.64882827	0.015053843	0.23175	72.0	300.835818529129
102	370.15024	38.58733	490.06088	320.07758	182.4762	125.489494	40.81601	155.34677	21.726826	412000	2.861023e-09	57.32125	-0.04898044	-15.109097	0.64490396	0.011364319	0.2675	79.0	303.9632725715637
103	382.84607	54.623135	561.0514	312.45215	195.9	128.08336	40.22091	155.97728	21.402184	416000	1.2755394e-08	124.14319	-0.042890728	-33.099045	0.63185424	0.012185677	0.23125	79.0	307.4926245212555
104	366.01807	38.028675	468.15787	284.3419	182.57143	123.34958	41.371254	155.52492	20.890476	420000	-4.4107438e-09	70.73839	-0.0148795815	-26.47015	0.6259785	0.015932603	0.205	8.0	310.2535934448242
105	368.87384	46.454334	460.5067	294.47372	181.5238	124.90969	40.103733	155.74532	20.439156	424000	2.4914742e-08	146.51363	-0.010778961	-29.348969	0.6261219	0.015605575	0.21	7.0	313.0000250339508
106	377.01703	44.154667	462.29596	278.07864	188.28572	125.8702	41.693264	156.5788	20.255402	428000	5.4836273e-09	100.41806	-0.035128172	-24.865135	0.6258656	0.015011334	0.17625	38.0	316.3346092700958
107	374.02258	42.02567	477.1395	294.63065	182.4762	124.85956	41.47635	157.16849	19.933577	432000	1.6689301e-09	95.16789	-0.037488937	-23.228722	0.6261359	0.01511301	0.22275	38.0	319.2475552558899
108	379.25925	37.24953	436.18106	293.62714	184.66667	126.42469	42.3305	158.07133	19.801613	436000	-1.3828277e-08	56.374447	-0.03944048	-15.655895	0.6216723	0.015124828	0.21425	48.0	322.26419973373413
109	364.42255	43.885242	453.84137	284.4204	175.09091	128.30736	42.519543	159.42198	19.722809	440000	-7.033348e-09	166.27411	-0.041371282	-33.246124	0.61960804	0.015045204	0.21975	55.0	325.38935232162476
110	372.12366	42.361004	498.20587	308.66455	177.27272	126.533356	42.73019	159.47122	19.21458	444000	-1.8715859e-08	77.79812	-0.014342047	-14.88044	0.6156384	0.016874276	0.183	8.0	328.6548945903778
111	392.93094	41.150642	468.29883	302.49463	190.2381	128.73203	42.65491	160.20685	19.013296	448000	9.536743e-09	75.36325	-0.040740762	-17.104717	0.61501914	0.015087905	0.22625	44.0	331.73530101776123
112	372.38654	62.827637	480.229	199.22499	179.45454	129.6439	43.39014	161.70961	19.062664	452000	-1.07288365e-08	143.4244	-0.048236985	-30.137405	0.61189777	0.012798142	0.2475	79.0	335.2403383255005
113	382.7985	48.116035	472.9404	275.04565	182.33333	129.40237	41.824245	161.68889	18.568544	456000	-1.4781952e-08	123.56845	-0.04729296	-28.78054	0.59772056	0.0126515385	0.248	79.0	338.0344121456146
114	404.1193	48.631245	482.90854	278.04254	196.35	130.48683	43.005566	162.70975	18.458946	460000	-7.629395e-09	102.42763	-0.04961681	-37.997208	0.5906709	0.014530106	0.278	79.0	341.13055872917175
115	388.4156	39.093082	460.42044	315.6019	185.0	133.6469	42.161278	164.06046	18.497696	464000	-3.0994416e-09	121.64389	-0.013414703	-46.617783	0.5913027	0.017012391	0.243	7.0	343.5424768924713
116	392.01126	33.208614	455.38986	338.69736	183.7619	130.50339	44.443253	164.66106	18.357454	468000	7.152557e-09	94.09235	-0.014158552	-30.43649	0.59123486	0.0151985185	0.16025	9.0	345.9938805103302
117	378.592	48.94269	480.39584	278.24582	175.90909	132.81601	43.159782	165.54724	18.291433	472000	-4.172325e-09	99.24175	-0.041758303	-25.406319	0.5916032	0.015156001	0.225	59.0	349.02800941467285
118	393.08496	42.31905	453.21274	307.88184	181.7619	131.00922	42.18385	165.95163	18.082254	476000	3.4809112e-08	85.67577	-0.017847566	-38.82611	0.584905	0.015327387	0.1745	9.0	352.0759732723236
119	399.69415	32.830894	445.2152	330.24557	187.0	135.49982	44.16848	168.00897	18.420095	480000	-1.1920929e-08	65.77644	-0.009155688	-13.562279	0.5835184	0.015072395	0.1765	5.0	354.80801653862
120	387.36502	44.076084	473.86285	316.11838	179.86363	133.95697	43.289272	168.28157	18.021679	484000	1.4305114e-08	101.119156	-0.03551589	-20.87072	0.5824776	0.01509928	0.2005	35.0	357.38675832748413
121	398.6817	45.727192	474.85275	264.54364	184.14285	135.216	41.787075	168.47057	17.688047	488000	-9.536744e-10	219.38362	-0.0153383305	-79.8636	0.5745472	0.015413073	0.259	9.0	360.1236300468445
122	401.44797	34.889034	460.06213	332.91287	183.14285	135.0959	43.668797	169.64694	17.70532	492000	2.861023e-09	85.17375	-0.048628062	-29.1423	0.5739112	0.013195311	0.26175	79.0	363.3505628108978
123	409.79147	59.532566	515.81915	277.72946	187.0	138.31987	43.418617	170.7762	17.739195	496000	8.106232e-09	224.53453	-0.015444988	-59.7632	0.5624344	0.015097354	0.1995	8.0	366.2861840724945
124	435.06427	46.225304	556.69507	363.30453	193.95	139.69974	41.106262	171.98643	17.642866	500000	-9.894371e-09	178.14595	-0.013475546	-83.87216	0.5615934	0.016063375	0.2385	7.0	369.4646244049072
125	423.31046	52.85234	518.5521	328.804	181.61905	144.11934	42.799976	175.0485	18.266758	504000	4.4107438e-09	156.62434	-0.016896801	-49.524513	0.56018555	0.015022444	0.191	10.0	372.245374917984
126	423.97284	56.493137	524.70715	334.67993	188.4762	145.47723	46.337337	178.8738	12.316602	508000	2.8610229e-08	216.98787	-0.046023592	-56.63347	0.5583045	0.013672684	0.24475	79.0	375.4182331562042
127	432.47348	55.617138	532.2365	310.0225	192.1	144.89922	44.390995	178.92491	9.356827	512000	-3.3378602e-09	156.01912	-0.033769783	-43.28882	0.5571185	0.015167521	0.18825	25.0	378.2373151779175
128	435.80634	72.54066	569.76526	273.67807	193.7	144.34514	45.138645	180.05092	9.570011	516000	-1.4305115e-09	250.49626	-0.043570746	-55.54326	0.5531747	0.013852556	0.2135	79.0	381.0033438205719
129	424.1455	41.426945	507.05356	342.61996	184.7619	146.30904	44.194935	181.54224	2.7488103	520000	1.9073487e-09	174.44887	-0.01791155	-61.377647	0.5442375	0.01636779	0.194	9.0	383.47924852371216
130	451.22388	50.033134	576.57935	347.32883	202.3158	147.20857	43.892406	180.87099	8.620342	524000	1.6331672e-08	122.45808	-0.0450832	-32.106995	0.5436332	0.010927414	0.23275	79.0	386.1946918964386
131	437.48544	42.477818	546.1071	347.0589	191.2	144.89944	45.559288	181.54185	9.503415	528000	-6.6757204e-09	135.47716	-0.013707414	-41.474907	0.5368783	0.015051949	0.19075	7.0	388.5954866409302
132	442.6691	42.590378	543.09607	375.34277	191.75	148.47742	44.14797	182.9016	1.8195348	532000	3.0994416e-09	182.46999	-0.031670406	-83.38957	0.53582585	0.015328918	0.20575	25.0	391.0776319503784
133	429.6305	32.338017	482.0581	368.58423	185.2381	148.61066	46.25493	184.49516	10.524927	536000	-1.1920929e-08	192.07088	-0.045021	-100.39605	0.5310838	0.015042829	0.2335	59.0	393.76521944999695
134	436.35016	58.829166	545.77985	352.86023	184.19048	148.12535	44.28206	183.65291	10.171343	540000	4.7683715e-09	170.24261	-0.048494425	-56.058975	0.52762014	0.015008795	0.28075	66.0	397.00035285949707
135	461.3404	32.354774	524.1384	409.14514	198.35	149.40118	45.738777	185.67859	10.788408	544000	8.5830685e-09	127.3175	-0.01809237	-46.121346	0.52190286	0.015495551	0.24975	9.0	400.0246813297272
136	424.6812	72.584236	546.14526	278.62598	182.57143	152.25143	44.281956	187.65982	4.742367	548000	-6.198883e-09	424.4141	-0.011348774	-167.09412	0.52121353	0.015243567	0.21125	6.0	403.20104813575745
137	425.60254	76.14717	547.6421	249.62871	187.14285	151.66727	43.70234	187.13715	10.452418	552000	-2.861023e-09	545.83484	-0.018755639	-202.70013	0.520666	0.01532827	0.2455	9.0	406.3902225494385
138	471.57562	42.405815	540.91614	375.77954	199.7	144.9484	43.033455	186.09085	2.691166	556000	1.525879e-08	410.15915	-0.04768316	-281.8519	0.51894295	0.012067915	0.2485	79.0	409.3002407550812
139	410.57803	74.32707	501.2358	248.01378	176.45454	155.05553	45.730167	189.78256	11.177351	560000	-2.682209e-08	640.9612	-0.013160238	-347.90604	0.50137085	0.016513793	0.20675	6.0	412.0565814971924
140	441.72662	63.810696	583.3646	334.4367	189.80952	144.10466	44.258453	187.38193	4.236843	564000	-2.1457673e-08	267.57007	-0.047397837	-150.0706	0.5009618	0.013004198	0.2595	79.0	415.5752372741699
141	431.53256	65.80127	519.88513	263.41418	181.71428	152.52266	47.09469	188.38179	3.7138796	568000	6.198883e-09	312.58224	-0.04283334	-99.09274	0.49087092	0.014329552	0.231	79.0	419.1301381587982
142	463.55777	88.59346	634.12823	290.98956	196.5	149.90837	45.460087	188.04803	5.1217103	572000	3.0994416e-09	298.70657	-0.0476908	-123.218414	0.49402866	0.015109078	0.26475	74.0	422.21637201309204
143	450.67722	49.716225	544.4872	353.70197	185.33333	151.99597	47.400597	190.48553	10.745077	576000	7.390976e-09	124.11061	-0.03807703	-43.725075	0.49014986	0.015084355	0.23125	36.0	424.7824242115021
144	428.16626	53.01453	578.6104	330.41403	183.19048	151.38219	48.070717	190.6895	10.68953	580000	-2.9802323e-09	266.93588	-0.050491452	-93.45796	0.48509488	0.012849681	0.2905	79.0	427.8712320327759
145	440.44205	68.07051	583.8547	298.58603	184.14285	151.2821	46.76925	188.92236	4.5548425	584000	3.3378602e-09	303.66653	-0.032764982	-74.932144	0.4792284	0.015164089	0.19275	23.0	430.705885887146
146	451.98843	67.321396	602.4554	311.2277	184.2381	151.9551	46.818756	189.45708	10.280025	588000	1.3351441e-08	292.07626	-0.0459021	-77.7307	0.47390372	0.015128824	0.24525	61.0	433.7164714336395
147	449.94513	60.969055	590.985	337.45892	189.8	153.09738	47.09038	190.81572	4.6689696	592000	3.0994416e-09	228.92915	-0.035689253	-81.11951	0.46208692	0.015100694	0.1975	33.0	436.27511501312256
148	463.70572	82.3039	631.67596	272.2053	190.28572	154.289	46.48592	191.57008	7.7139363	596000	3.5762786e-09	319.0053	-0.02887593	-108.91777	0.46267352	0.015410507	0.20975	16.0	439.0677571296692
149	459.91858	82.80332	661.0072	324.39032	190.09525	154.7324	48.865395	194.62596	10.858541	600000	-1.1920929e-09	238.96799	-0.022642508	-67.25554	0.46127534	0.01500961	0.2015	12.0	441.924067735672
150	481.1631	75.881325	686.9913	318.85794	198.85	156.84944	46.749653	194.56538	10.739355	604000	-7.629395e-09	371.20908	-0.011313321	-105.3009	0.45960867	0.01691542	0.16575	5.0	444.3318176269531
151	454.6019	47.792667	528.7716	373.83975	183.33333	158.30547	48.34994	197.06932	10.988466	608000	1.4305115e-09	131.70844	-0.049868595	-56.831093	0.45871663	0.012454862	0.27475	79.0	447.83849692344666
152	487.56738	58.703968	641.7867	371.13525	202.47368	159.87389	47.320324	197.74376	10.9541235	612000	-1.1920929e-09	218.42873	-0.014611052	-72.60838	0.4479407	0.016500972	0.22	7.0	450.74290776252747
153	452.1898	46.147484	548.21246	364.2738	183.7619	156.40218	49.34194	198.23114	11.028712	616000	1.0967255e-08	159.87991	-0.020432297	-53.503105	0.4466369	0.015106636	0.1755	11.0	453.4767062664032
154	460.55444	85.563965	715.23157	244.63474	189.2381	156.9819	45.990284	197.74991	10.851379	620000	-8.8214875e-09	421.87442	-0.043566752	-150.3646	0.44497895	0.01502237	0.2655	46.0	456.4204761981964
155	453.6856	60.433445	549.9417	330.08185	186.66667	154.95026	47.81859	197.01729	10.579159	624000	-5.6028364e-09	260.65665	-0.041823238	-92.73628	0.4358465	0.015029112	0.252	32.0	459.610102891922
156	478.56094	74.32382	715.23474	376.54382	197.45	157.07817	47.317764	196.62984	10.52785	628000	1.34706495e-08	341.01434	-0.03779122	-114.92529	0.43133092	0.015054857	0.209	32.0	462.17505288124084
157	468.33063	73.20677	657.34924	296.26968	191.75	158.13821	46.971046	197.121	10.531105	632000	1.2874604e-08	287.88083	-0.031465046	-89.00969	0.42723617	0.01535432	0.22525	19.0	465.4102268218994
158	474.42838	72.42405	624.8069	335.52798	192.5	160.64313	48.4292	198.79263	10.652792	636000	-3.0994416e-09	340.8153	-0.014170461	-111.05725	0.4255205	0.015595246	0.179	7.0	467.840265750885
159	490.48648	105.535126	830.004	384.23392	199.95	159.80322	48.40594	199.52011	10.851561	640000	-8.5830685e-09	478.38107	-0.026431315	-151.93686	0.42476147	0.015497189	0.162	17.0	470.27885341644287
160	493.6483	65.611824	609.2974	374.62952	207.52632	160.62735	47.84226	202.09007	10.734852	644000	4.053116e-09	258.3042	-0.013984844	-119.255554	0.42391258	0.015335055	0.226	6.0	472.6985852718353
161	570.3285	121.626595	925.8141	441.49457	233.17647	162.92038	44.85315	202.08258	10.980284	648000	1.2993812e-08	482.94775	-0.01263512	-275.64636	0.423111	0.016318543	0.226	5.0	475.103312253952
162	461.9984	78.2774	685.5677	335.95908	189.0	164.65854	52.065647	207.13565	11.653547	652000	3.0994414e-08	589.57434	-0.010708962	-260.35928	0.42231828	0.01620101	0.20425	6.0	478.2784605026245
163	514.58594	104.7491	791.5139	386.30634	207.63158	157.47725	46.008575	204.20242	12.424995	656000	-2.1457671e-09	503.92804	-0.011035601	-278.9599	0.42186406	0.015567442	0.2115	6.0	480.86691427230835
164	485.8786	68.207054	701.8522	356.14236	195.5	165.60484	50.61065	208.65518	13.492353	660000	6.1392784e-09	294.77182	-0.011945302	-155.97661	0.4214388	0.015764551	0.16075	6.0	484.0027015209198
165	494.926	67.02911	645.6451	355.5531	206.89473	162.98253	47.791786	207.7904	12.472437	664000	-5.00679e-09	264.3338	-0.012799103	-111.19742	0.42097035	0.017550532	0.24275	5.0	487.1719243526459
166	527.43115	102.89136	689.14923	334.76056	212.77777	162.30019	47.627888	207.64311	12.475701	668000	-2.2292138e-08	375.18137	-0.035405792	-158.93716	0.42029777	0.015007152	0.22075	29.0	490.29779076576233
167	503.57196	89.95084	670.77075	355.38388	203.73685	167.91302	51.804432	209.40958	12.257692	672000	-1.6212464e-08	472.54352	-0.015728386	-175.26447	0.41889074	0.015257067	0.1465	9.0	493.43465304374695
168	556.0374	167.43433	1153.5319	326.1225	225.58824	165.47495	47.773647	208.2529	11.830196	676000	-1.692772e-08	450.93948	-0.043681156	-148.76141	0.4183442	0.015166303	0.247	43.0	496.39295768737793
169	548.1559	103.269424	853.36554	441.63657	227.94118	168.21953	48.038433	211.09444	12.394163	680000	2.0861626e-09	560.09436	-0.01147229	-163.23209	0.40946072	0.016718315	0.1255	5.0	499.458797454834
170	490.84174	57.103306	583.9304	352.78702	208.26315	166.60356	51.11173	212.43947	12.371412	684000	-2.336502e-08	395.4427	-0.026413802	-266.26782	0.40904027	0.0153445	0.16375	16.0	502.22733092308044
171	507.45502	71.319305	710.2316	404.1226	201.10527	157.59036	47.818424	206.25438	12.312278	688000	4.2915342e-09	385.283	-0.030302837	-217.2638	0.4074655	0.015380796	0.21275	17.0	505.4222056865692
172	504.37646	106.428185	833.7711	329.3729	212.16667	165.32054	50.713863	212.81021	12.454639	692000	-6.3180923e-09	425.1702	-0.011934316	-144.26947	0.40325323	0.016036574	0.15725	5.0	508.15559458732605
173	511.35614	120.4148	757.0816	247.46999	205.26315	163.9244	47.05097	210.80441	12.033665	696000	1.4305115e-09	680.383	-0.021282453	-294.56522	0.4020154	0.015293378	0.195	13.0	511.32660460472107
174	509.62622	71.10631	716.00604	390.10825	208.10527	169.50041	50.785305	213.4935	13.02113	700000	1.1086464e-08	486.06174	-0.03462915	-243.4898	0.4009017	0.0150334705	0.2035	28.0	514.159286737442
175	495.54794	52.768772	616.20496	418.6967	199.47368	163.70805	48.49116	212.52382	12.378533	704000	-1.6689301e-09	136.80049	-0.037022162	-47.765022	0.39970475	0.015261513	0.22475	28.0	517.0877728462219
176	527.38544	65.89412	743.68585	460.07663	212.11111	164.22829	47.789143	212.61247	11.817194	708000	2.2053719e-08	309.24045	-0.015850345	-122.57266	0.39816508	0.015449487	0.1665	8.0	519.8287160396576
177	566.4214	199.55348	978.4705	295.45264	226.94118	171.6428	48.7724	213.4572	11.937834	712000	1.7166137e-08	639.5915	-0.048632864	-211.36316	0.39933625	0.014837713	0.2765	79.0	522.5298452377319
178	593.24335	111.75795	828.7616	441.1939	232.70589	176.3036	49.648693	217.49219	12.453369	716000	-1.6093255e-08	514.8278	-0.015651727	-152.34967	0.39844677	0.015396696	0.1865	7.0	524.9029211997986
179	501.94427	84.518295	676.9826	272.36392	204.47368	175.39738	52.801033	219.01706	12.00264	720000	8.5830685e-09	780.8079	-0.035083033	-392.02597	0.39787158	0.015147009	0.207	29.0	527.4473242759705
180	543.26685	98.87236	743.72034	363.49075	217.61111	165.084	50.480026	215.17175	12.025246	724000	-8.3446505e-10	648.3862	-0.04528865	-262.87012	0.39633676	0.015229475	0.26575	58.0	530.1989591121674
181	566.8132	120.69219	938.2357	443.48203	218.11111	172.63199	50.201645	217.43524	12.087827	728000	-1.9073487e-09	491.04144	-0.033871017	-156.24399	0.3896057	0.015047285	0.198	24.0	532.8140294551849
182	512.4494	108.730316	738.15405	248.95822	209.47368	174.25948	52.07859	219.91791	12.478716	732000	-2.3841857e-09	684.0265	-0.036368325	-213.70474	0.38962507	0.015077397	0.21375	29.0	535.946506023407
183	525.082	136.25313	850.88605	328.8799	209.63158	167.15265	50.995304	217.83293	12.269954	736000	-1.8835069e-08	541.16595	-0.045022808	-212.76776	0.3858542	0.015081718	0.2685	45.0	538.5401301383972
184	529.5869	128.35056	923.47144	257.24258	210.1579	168.46057	50.881954	219.78026	12.396508	740000	5.4836273e-09	668.6797	-0.015310678	-283.084	0.38251957	0.0155438725	0.222	7.0	541.2304635047913
185	554.7399	91.08215	726.6983	424.74084	214.44444	169.80083	49.329136	220.35698	12.348249	744000	-1.4305115e-09	413.48425	-0.03201802	-184.4932	0.38286015	0.016024943	0.20225	19.0	544.0190591812134
186	617.4507	246.74237	1502.7678	397.84195	242.0	180.6849	51.428177	221.93326	12.435482	748000	-1.5437603e-08	1162.8563	-0.042335715	-330.68207	0.38279694	0.01514744	0.2575	46.0	546.6460866928101
187	602.52734	217.29053	1223.2076	341.0923	231.17647	179.62436	52.57054	225.21988	12.9453125	752000	9.536744e-10	898.15137	-0.045481566	-249.40704	0.37641314	0.015122605	0.2475	46.0	549.2919437885284
188	608.9917	149.62325	891.66376	438.34824	238.25	187.3511	53.05262	228.03993	13.255739	756000	-4.529953e-09	886.4766	-0.030648805	-340.4322	0.36525354	0.015245308	0.208	24.0	551.7983980178833
189	691.14496	360.7299	1928.0607	422.86697	261.0	182.32048	51.444817	226.52834	13.019022	760000	4.4345857e-08	1071.799	-0.033953447	-460.7553	0.3650483	0.015206143	0.20575	27.0	554.9590635299683
190	566.3455	125.81942	841.3402	329.35037	221.16667	183.19984	58.447357	233.33525	14.244307	764000	-3.8146974e-09	645.223	-0.04270186	-300.3378	0.3645765	0.0150605785	0.224	40.0	557.5105671882629
191	610.2294	148.60307	968.08575	436.41495	228.11765	181.69601	51.53533	232.03032	13.957577	768000	6.198883e-09	677.1443	-0.02914327	-197.99698	0.36137748	0.016249845	0.1805	16.0	559.9307668209076
192	546.9	123.21759	780.0001	377.39212	219.94444	183.20035	54.276955	233.90048	14.379752	772000	-7.629395e-09	855.7119	-0.044165	-372.43552	0.36077568	0.015036893	0.253	43.0	562.5402040481567
193	609.9078	188.73062	1208.3386	423.15347	233.88235	172.57025	50.1675	232.13612	13.95033	776000	-1.2397766e-08	804.96423	-0.036101367	-397.10373	0.36065888	0.015054009	0.2055	25.0	565.0017170906067
194	633.85114	155.55197	981.92523	395.12677	239.5625	188.86302	54.42905	234.92136	14.174691	780000	-3.1471252e-08	555.3617	-0.024107397	-147.84274	0.35875708	0.01573867	0.17975	16.0	567.4655985832214
195	746.48584	247.52748	1403.8849	473.8437	281.42856	185.99269	53.082355	235.96286	14.335823	784000	-1.8119811e-08	1081.6649	-0.02465451	-454.1958	0.35741153	0.015699724	0.17375	13.0	570.0238361358643
196	584.04816	113.11948	829.32404	366.08124	226.11765	189.91069	54.79173	238.56879	14.729128	788000	3.3378602e-09	607.1647	-0.016776325	-298.12827	0.35716552	0.015704151	0.2195	8.0	572.4113936424255
197	638.9272	139.6585	877.4749	318.58615	247.5	183.40787	54.562366	237.12738	14.679314	792000	6.0796737e-09	615.75214	-0.03528668	-177.2258	0.35592073	0.015672792	0.20925	26.0	574.8712613582611
198	586.8275	152.51852	966.32666	401.13806	231.41176	182.49881	54.391632	237.58055	14.583817	796000	-7.748604e-10	717.78973	-0.04288858	-232.9739	0.3538745	0.015056607	0.25375	40.0	577.4093286991119
199	681.0704	267.85675	1497.0306	406.00186	254.66667	185.08954	51.860203	237.03337	14.606657	800000	-1.7881393e-09	1586.0416	-0.03340801	-516.48267	0.34653252	0.015205496	0.2195	18.0	579.8239257335663
200	752.53925	252.21736	1318.9551	441.1354	285.64285	195.77325	53.599247	240.24841	14.959816	804000	4.386902e-08	1164.4423	-0.029261032	-335.16205	0.34409505	0.015074688	0.19375	17.0	582.2506611347198
201	622.8966	108.439255	763.79535	417.73193	244.3125	192.40244	59.077946	242.43617	15.036158	808000	-1.4305115e-09	718.4445	-0.02596931	-308.402	0.341862	0.015024426	0.15775	11.0	584.6556754112244
202	775.37244	236.7134	1383.4031	514.81555	298.07693	189.21748	51.621487	239.47603	14.745857	812000	-5.1259996e-09	777.2154	-0.033369005	-264.43	0.3402837	0.015362999	0.21125	22.0	587.1632077693939
203	734.4644	258.17285	1159.9694	456.37045	275.0	193.9601	54.03246	241.16405	14.806212	816000	-6.437302e-09	1219.0737	-0.047402434	-288.76672	0.33714688	0.015097892	0.29975	54.0	590.1363406181335
204	668.6637	243.68666	1446.0663	451.26352	258.73334	197.9751	56.725113	244.47408	15.228956	820000	-1.3291836e-08	999.2016	-0.01707001	-362.16406	0.33427346	0.015774963	0.2105	8.0	592.5358998775482
205	699.9289	224.9588	1146.4949	334.23886	262.0	190.75832	54.933483	244.34184	15.41881	824000	-8.34465e-09	880.1105	-0.02773186	-259.35803	0.3332845	0.01527036	0.18225	17.0	595.3126397132874
206	598.8324	111.63134	853.63574	363.30493	231.47058	185.38315	56.175514	246.83075	15.753342	828000	-9.6559525e-09	743.0863	-0.01169834	-288.20667	0.33282542	0.015158278	0.177	5.0	598.447998046875
207	701.87506	285.46585	1421.9233	411.8853	274.7143	191.35109	52.674175	246.66327	15.737981	832000	-7.152557e-09	834.3634	-0.009952717	-272.64026	0.33338103	0.016283818	0.19875	6.0	600.849850654602
208	716.17413	307.14297	1623.0911	391.2728	275.35715	189.47244	54.252537	246.96606	15.673153	836000	3.9339065e-09	955.25977	-0.012241096	-285.21948	0.3338994	0.016750664	0.23175	6.0	603.9854872226715
209	796.00006	355.33655	1843.6143	392.57056	286.6154	200.11841	56.476494	248.1486	15.84302	840000	2.4676323e-08	1132.4376	-0.036891736	-330.80548	0.3338268	0.015061954	0.23625	27.0	606.9197297096252
210	676.80286	159.19275	954.04205	462.81744	251.6	203.65506	57.387573	251.41731	16.205425	844000	-8.34465e-09	550.9722	-0.035189472	-190.92596	0.3332488	0.0151582295	0.23175	25.0	610.1887397766113
211	686.54004	217.68083	1057.3138	353.53748	257.64285	196.9754	57.612305	251.11646	16.114067	848000	7.152557e-09	883.05115	-0.03621531	-245.6037	0.33154055	0.015160475	0.23875	24.0	612.6857697963715
212	770.8168	377.59415	1964.3818	365.9225	297.46155	203.98318	55.492756	251.7418	16.23734	852000	-1.3351441e-08	877.52094	-0.025815312	-292.49695	0.32689503	0.015485496	0.178	14.0	615.9431943893433
213	757.5717	251.37886	1378.4816	506.1147	277.92856	192.85706	55.712227	249.72815	15.795846	856000	2.9802323e-09	1033.8273	-0.017358571	-487.07495	0.32479054	0.015366986	0.17175	8.0	618.358553647995
214	702.04333	330.26282	1830.4773	392.5272	260.46667	204.79066	59.258858	251.75145	16.06451	860000	-1.7404556e-08	1178.8849	-0.030933818	-347.96387	0.32445964	0.015391385	0.20625	19.0	621.5830144882202
215	625.55054	258.11563	1535.3448	335.28696	241.125	189.56584	59.96796	253.19102	16.36603	864000	2.002716e-08	1164.0527	-0.013329751	-490.7168	0.324801	0.015351531	0.18925	6.0	624.4061408042908
216	900.149	533.59875	2358.2715	400.1655	333.33334	195.56653	52.188652	252.5306	16.547993	868000	9.536743e-09	1073.6056	-0.046717007	-509.03143	0.32427642	0.015020219	0.261	60.0	627.0607681274414
217	774.8192	267.66632	1334.041	443.456	299.0	209.20139	56.532494	256.84665	17.129614	872000	-3.1113625e-08	1110.0175	-0.03335518	-448.13776	0.31773195	0.015373303	0.224	20.0	630.2458951473236
218	709.94934	267.69565	1240.4497	465.20474	273.64285	194.15335	54.59078	254.76115	16.696182	876000	-8.3446505e-10	944.6043	-0.01553698	-303.37518	0.31608796	0.016929625	0.2405	6.0	633.2652363777161
219	814.1721	265.77325	1473.221	508.9674	298.46155	197.39232	52.058174	254.94803	17.341455	880000	1.6450882e-08	902.9422	-0.025794107	-403.94577	0.31563994	0.015474457	0.1925	14.0	636.0856983661652
220	793.34973	342.91742	1697.7975	411.89908	285.2857	204.31047	60.52795	255.99985	16.619781	884000	2.1219254e-08	1004.05927	-0.01755775	-250.98468	0.312375	0.0153030995	0.22875	8.0	638.8282499313354
221	840.393	433.70642	1530.5505	245.46123	315.83334	215.69322	51.958347	259.35135	17.068325	888000	1.07288365e-08	1624.055	-0.010361927	-456.72168	0.31105945	0.017049799	0.204	5.0	641.2310335636139
222	703.1402	273.41092	1422.9146	393.26086	253.71428	204.00249	58.83014	259.204	17.524082	892000	2.9802323e-09	869.384	-0.013252152	-275.0747	0.31054655	0.017507002	0.19925	6.0	643.6493351459503
223	628.8368	142.09094	904.4042	429.91824	234.29411	201.19269	62.002975	261.32855	17.36838	896000	-2.2649765e-08	848.1134	-0.04443875	-442.88196	0.3098831	0.015192993	0.253	34.0	646.6457250118256
224	728.3966	247.06189	1166.7361	357.80328	265.0	192.12025	55.770298	259.3387	17.295246	900000	-3.3259393e-08	1327.759	-0.02841484	-594.6053	0.3046128	0.015148585	0.19225	15.0	649.1072006225586
225	624.9034	152.73347	883.04364	415.55292	231.88235	196.88127	61.415493	261.3502	17.2401	904000	-8.106232e-09	645.284	-0.009399761	-250.64822	0.30108073	0.015137976	0.1695	4.0	651.8872392177582
226	649.96136	225.1637	1226.0797	312.1261	244.125	196.65709	56.9622	259.61942	17.3498	908000	2.2172928e-08	939.8778	-0.011966663	-322.90668	0.30003873	0.017644167	0.2345	6.0	655.0190181732178
227	763.56964	334.11948	1524.414	364.5591	279.7857	194.42737	56.030674	260.41306	17.94069	912000	3.8146974e-09	1667.7025	-0.05078272	-693.3564	0.29905778	0.015173881	0.28575	78.0	658.5770297050476
228	768.2111	263.0884	1201.3508	388.12915	266.07144	211.66473	56.526653	263.87405	18.03602	916000	-1.8000602e-08	1193.2642	-0.027800227	-420.49078	0.2942471	0.015264207	0.158	16.0	661.3908574581146
229	616.18634	181.97249	1231.0211	383.7028	231.52942	199.52406	62.80188	267.20303	18.678537	920000	-2.503395e-09	880.25635	-0.04050477	-403.25107	0.29122317	0.015390919	0.22575	36.0	663.9880540370941
230	932.83563	414.6464	1836.0654	454.89807	331.91666	210.62755	54.447662	266.07733	18.194206	924000	2.1219254e-08	1134.616	-0.01758428	-451.72168	0.28669772	0.015893562	0.1895	8.0	666.7252686023712
231	976.0682	365.2858	1601.5334	445.43887	336.81818	220.24823	58.939	268.87134	18.700203	928000	2.3841857e-09	1445.8164	-0.044470903	-418.43994	0.2855043	0.0151288	0.255	50.0	670.0386435985565
232	852.03174	466.99307	2245.7324	365.98962	308.08334	225.79349	59.77668	273.25726	19.477188	932000	1.3828277e-08	735.9485	-0.05159707	-329.9811	0.28263733	0.014395911	0.289	79.0	673.0940492153168
233	887.7351	406.80417	1744.8062	407.45743	330.83334	217.6926	54.076107	272.7645	19.281403	936000	-4.7683715e-09	1220.6067	-0.032064404	-359.44043	0.27747437	0.015559829	0.2295	18.0	676.0061857700348
234	1051.5149	468.9602	2118.6558	517.075	368.8	218.24683	55.16321	271.81165	19.151642	940000	3.051758e-08	1207.3616	-0.03006542	-554.10175	0.27469608	0.016041547	0.2115	18.0	678.4567265510559
235	830.0774	343.03098	1574.7223	454.6223	306.08334	218.31018	59.16907	274.07428	19.325895	944000	4.053116e-09	1385.9213	-0.01104448	-500.28894	0.27089745	0.015455299	0.13825	5.0	681.1822559833527
236	651.6242	187.69472	967.90063	352.79364	246.9375	202.77007	61.567184	274.31616	19.386087	948000	-5.7220458e-08	1032.2291	-0.029631186	-482.5254	0.27036405	0.015276672	0.2065	17.0	683.9553999900818
237	821.38385	385.9215	1659.7427	422.58466	311.5	205.4754	51.686115	270.72803	18.940172	952000	-7.390976e-09	1105.0183	-0.016730491	-403.57446	0.26819974	0.016111014	0.2435	7.0	686.6676843166351
238	936.7348	424.2835	1671.2523	300.1998	346.45456	206.72	57.058907	270.7982	18.937012	956000	1.1563301e-08	1328.5414	-0.039299034	-495.5542	0.26735556	0.015138018	0.23975	31.0	689.1835064888
239	755.90826	242.96313	1284.0366	495.11096	281.53845	214.43553	56.6024	274.0474	18.890217	960000	-1.4305115e-09	1006.3715	-0.055692557	-383.53076	0.26189572	0.012625677	0.319	79.0	692.6123955249786
240	745.7921	288.7747	1392.715	339.29706	275.0	200.4409	59.69143	272.76205	18.84732	964000	-1.7166137e-08	1095.896	-0.029812472	-272.36505	0.2614542	0.01576305	0.19975	17.0	695.0489888191223
241	1056.6085	523.1004	1909.9386	483.2648	386.3	210.72641	52.236614	272.9021	19.085482	968000	4.005432e-08	1180.8857	-0.034910467	-510.81213	0.2606565	0.015329472	0.23	22.0	697.8615491390228
242	849.63794	264.94208	1295.2242	406.66324	309.91666	217.77744	58.64779	275.03967	19.206127	972000	-8.225441e-09	908.1584	-0.038463265	-310.84344	0.25953817	0.015213435	0.28525	25.0	700.9265327453613
243	891.6048	373.39905	1552.3528	391.6313	325.0	217.87358	55.61713	274.16617	19.212938	976000	8.34465e-09	1478.5231	-0.030201197	-450.9458	0.25627112	0.01607407	0.184	16.0	703.3773231506348
244	827.8542	447.72226	2099.9849	362.0017	296.75	215.6482	62.25229	274.39145	18.907448	980000	1.990795e-08	1405.2401	-0.036271565	-479.3228	0.25276998	0.015233211	0.251	24.0	706.6175560951233
245	921.9512	566.9835	2501.3208	481.59943	330.4	220.94981	52.91582	274.12958	18.8992	984000	2.3841857e-09	927.42163	-0.03596692	-356.56262	0.24858138	0.015041439	0.22825	21.0	709.4504511356354
246	953.981	694.75854	2793.9973	392.92206	352.45456	226.81076	57.597748	276.71707	19.168127	988000	2.1457673e-08	1060.5208	-0.03859204	-361.32538	0.24556103	0.015004455	0.25825	30.0	712.0215420722961
247	962.2968	715.79047	2688.925	321.7504	352.54544	222.8348	57.829487	278.46924	19.697477	992000	-1.1205673e-08	1295.51	-0.023670351	-466.8012	0.24510768	0.015780075	0.18075	14.0	714.4256021976471
248	1040.5098	526.71155	1935.5428	341.1145	392.8	225.78189	63.319836	280.17172	-4.861507	996000	2.6226044e-08	2141.8462	-0.022050006	-789.9109	0.24420716	0.015790481	0.19375	12.0	717.44935131073
249	1008.8446	630.9343	2532.3667	390.70718	367.55554	226.96558	52.469296	277.93427	19.993618	1000000	2.2530555e-08	959.68964	-0.011452377	-450.77612	0.24310413	0.017974148	0.25025	5.0	719.8084952831268
250	1398.0847	860.9032	2655.0747	475.92633	528.1429	239.91174	45.905678	277.54642	19.945501	1004000	-1.8000602e-08	1142.6632	-0.0128872	-485.58807	0.24247463	0.016557602	0.21675	7.0	722.2254610061646
251	1173.1266	812.3406	2691.1628	425.36224	426.66666	232.90219	49.967525	277.40414	14.388342	1008000	-2.8371812e-08	1286.9797	-0.0117580285	-592.0752	0.24213879	0.016707733	0.232	6.0	725.2813813686371
252	1384.0266	602.9288	2600.558	627.68134	484.125	243.6284	56.911358	280.41925	5.0481815	1012000	-1.7642975e-08	1115.761	-0.034626868	-380.8454	0.24239306	0.015081565	0.21825	26.0	728.0467228889465
253	1239.2776	657.24994	2582.3306	539.0895	436.1111	236.70937	57.30208	281.5329	3.7584267	1016000	1.4305115e-09	802.65796	-0.0138801	-263.1427	0.24437419	0.015231901	0.19725	7.0	730.4136154651642
254	790.9127	220.16927	1172.979	484.1331	289.07693	225.48512	58.36596	282.35403	8.6651535	1020000	-1.7166137e-08	1833.0111	-0.0156007465	-783.15356	0.24389821	0.015893025	0.1545	6.0	732.7889380455017
255	1042.773	556.63257	2453.9011	426.5448	363.66666	222.70818	53.627586	279.88593	17.03859	1024000	-4.4465065e-08	1919.6013	-0.046966996	-859.6979	0.24331129	0.015015182	0.27725	60.0	735.3920538425446
256	933.677	324.4802	1691.719	508.1977	322.9091	232.39464	61.765118	283.64218	20.622921	1028000	-1.0967255e-08	1330.1921	-0.014987428	-363.8346	0.23836835	0.0151474	0.17425	7.0	737.7602846622467
257	753.56036	271.2041	1319.5416	459.08337	270.42856	225.08455	61.61827	283.80945	20.439194	1032000	-5.2452087e-09	2046.0708	-0.010447603	-716.87427	0.23757112	0.0168283	0.176	5.0	740.1244251728058
258	897.01166	317.69736	1403.1309	406.62418	329.75	217.19072	62.86214	282.39212	20.195192	1036000	7.390976e-09	891.9409	-0.03321698	-351.47894	0.23726617	0.015239426	0.208	22.0	742.6329729557037
259	1232.0894	774.71466	2898.4622	602.51196	414.0	231.01732	43.506042	281.65244	20.372929	1040000	1.2159347e-08	2452.8135	-0.02282273	-1413.9694	0.23575558	0.015313862	0.1995	9.0	745.0253703594208
260	1020.4946	523.44666	1884.3204	308.88403	373.3	237.65575	67.018845	285.5285	-5.5284104	1044000	-1.07288365e-08	2181.1548	-0.04416228	-1079.925	0.23521863	0.015228243	0.26725	57.0	747.9712719917297
261	933.7276	617.8863	2568.58	241.69046	347.63635	218.99162	63.238113	285.4537	21.23757	1048000	1.9073486e-08	1635.5851	-0.017924167	-677.7558	0.2356319	0.015422905	0.21825	8.0	750.3628940582275
262	1186.7405	690.6378	2836.2603	408.61575	397.2	225.9353	63.7121	285.42252	21.218304	1052000	-1.847744e-08	1692.7086	-0.01452759	-947.6831	0.2360612	0.01631137	0.1735	7.0	752.7621190547943
263	992.14276	631.8707	2567.7246	483.13147	367.2	240.5131	69.65694	289.86746	-7.1501985	1056000	-1.168251e-08	1850.8208	-0.01472555	-773.5415	0.23559095	0.01501759	0.22125	6.0	755.1453320980072
264	942.2297	630.395	2540.5564	382.6386	320.58334	222.41907	62.85181	289.35837	21.961695	1060000	1.9073486e-08	1946.8848	-0.011826137	-572.09607	0.23490411	0.01573614	0.204	5.0	757.5230565071106
265	881.3117	589.7717	2731.414	397.39664	325.33334	229.26848	60.832386	293.1143	5.6172137	1064000	2.2053719e-08	2221.8132	-0.011186859	-768.9165	0.23452601	0.015302383	0.17525	5.0	760.6394002437592
266	1361.9646	793.6097	2854.8928	646.69226	465.25	238.05637	51.91459	291.78482	22.277138	1068000	1.9550324e-08	1877.2605	-0.015635623	-846.72705	0.233884	0.015977321	0.191	7.0	763.4997229576111
267	868.2142	487.383	1940.6177	413.83514	325.25	237.94861	65.54304	293.86334	21.867844	1072000	-2.861023e-09	2722.269	-0.013734687	-1321.9646	0.23387034	0.016661117	0.22375	7.0	765.9472653865814
268	1314.9717	537.24457	1931.5115	326.70172	451.125	218.66222	58.80861	290.2499	23.139107	1076000	-1.6331672e-08	2106.206	-0.02862808	-1299.6489	0.23391195	0.015627623	0.21975	17.0	768.547609090805
269	1638.0446	792.09064	2848.3208	826.68335	572.3333	248.355	54.569534	293.50143	22.19808	1080000	3.6418438e-08	1405.4132	-0.026902545	-788.687	0.23075807	0.015073232	0.214	14.0	771.7054815292358
270	1381.7228	728.01294	3081.439	673.11926	483.625	258.12585	53.587856	294.8943	22.093212	1084000	-7.2717667e-09	1670.3553	-0.03584785	-515.50635	0.22754802	0.015346677	0.258	27.0	774.4273025989532
271	1299.6448	630.23627	2760.0242	475.72794	451.25	245.92555	55.15517	294.97073	21.899101	1088000	6.377697e-08	1155.3795	-0.05188142	-440.47736	0.22092733	0.014540723	0.29575	79.0	777.7565031051636
272	1183.6935	691.31885	2785.6165	614.6772	426.375	249.1085	60.131622	296.01306	22.09871	1092000	-1.3828277e-08	930.8511	-0.029871998	-310.49243	0.2181765	0.015301059	0.23025	18.0	781.4297273159027
273	1182.695	839.9894	2719.7336	511.95084	426.375	245.24474	53.197388	294.0393	21.945309	1096000	4.887581e-08	764.08875	-0.032142356	-250.99829	0.21956258	0.015448667	0.23425	19.0	784.8536450862885
274	1074.9042	657.5431	2829.2192	411.49475	385.0	236.56383	59.81757	295.14658	22.040377	1100000	-4.768372e-10	1006.0552	-0.041306924	-279.06616	0.2186792	0.015217643	0.25625	32.0	788.2036447525024
275	1015.74384	398.5595	1614.2869	372.25275	362.4	237.92033	60.571632	295.44568	22.130848	1104000	-1.7881393e-09	799.55963	-0.017233511	-348.93408	0.21633884	0.01634593	0.182	7.0	790.626757144928
276	1139.0844	491.0528	1886.5688	520.0586	395.8	230.167	57.692715	292.6094	21.89751	1108000	7.629395e-09	1491.905	-0.013456228	-459.0564	0.2156147	0.015739465	0.20725	7.0	793.7853631973267
277	1173.5142	833.4113	2987.7568	462.84262	399.3	238.29648	55.62635	295.8395	21.859982	1112000	-2.3841858e-08	1602.5813	-0.014515457	-573.7355	0.2151613	0.016584024	0.22975	7.0	796.9248518943787
278	1284.0781	735.1112	2859.1128	488.35306	443.77777	249.8702	62.16452	299.91748	23.249702	1116000	5.9604646e-09	1032.8228	-0.007748687	-281.33582	0.21488121	0.015483428	0.15725	4.0	799.6165182590485
279	1360.1964	526.50214	2023.5583	513.26385	477.75	246.7409	58.26805	300.45645	22.644503	1120000	1.3351441e-08	1127.553	-0.01595343	-401.31885	0.21451196	0.015824195	0.18325	8.0	802.3800015449524
280	1334.7078	875.8266	2789.5786	468.8812	470.875	250.78908	51.676495	300.1323	21.612331	1124000	-6.6757204e-09	764.4994	-0.02003859	-320.45248	0.21392798	0.0152018685	0.21825	9.0	805.7957572937012
281	1172.1938	910.1761	2694.7551	378.023	427.33334	245.02525	58.353992	301.92563	22.882511	1128000	1.2874604e-08	3128.396	-0.03923685	-1438.357	0.21348874	0.015199102	0.27475	36.0	808.856778383255
282	1663.5763	813.93445	2851.2788	544.83844	558.2857	251.26031	54.035038	301.8037	22.679478	1132000	-1.525879e-08	1582.0043	-0.013193736	-690.775	0.20922494	0.017001482	0.24375	5.0	811.8223624229431
283	1281.7394	744.5956	2903.2822	481.4743	429.66666	268.90424	52.139114	306.15744	23.56186	1136000	1.692772e-08	2565.519	-0.02229574	-1351.2421	0.20826392	0.01514021	0.2005	15.0	814.8446753025055
284	1583.6127	946.6691	2950.541	565.987	523.4286	260.23538	60.036263	306.9704	12.53936	1140000	-6.9141386e-09	1944.231	-0.009911655	-877.4376	0.206953	0.018690012	0.151	5.0	818.4428944587708
285	1081.8916	734.74585	2917.1362	469.66367	376.875	269.34262	58.993534	310.4423	-37.125275	1144000	1.1920929e-08	1735.4115	-0.048240606	-648.60254	0.20673816	0.014235463	0.2915	79.0	821.7914679050446
286	885.3298	620.102	2840.8933	322.6869	305.30768	229.30582	68.796265	309.36246	23.20536	1148000	1.2874604e-08	2299.6572	-0.015480642	-1174.9825	0.20513289	0.016980251	0.2195	5.0	824.2409510612488
287	1832.519	1108.0543	3028.3135	655.1386	630.3333	271.73718	39.475025	308.9851	23.455618	1152000	-9.953975e-09	1327.053	-0.017975932	-774.5367	0.20475046	0.015364679	0.19625	10.0	827.3625776767731
288	1620.699	1161.7025	3113.635	342.48508	551.4286	271.50458	54.51615	311.6304	17.204607	1156000	-2.5272369e-08	1858.4504	-0.006679641	-832.79565	0.20398216	0.018120456	0.237	4.0	830.5634973049164
289	1037.6272	671.91943	2563.03	464.72702	343.2	246.94165	65.72121	311.50555	23.883097	1160000	5.6028364e-09	1484.8717	-0.025895799	-616.3564	0.20362519	0.015334365	0.174	12.0	833.5907423496246
290	1116.1549	794.015	2989.775	352.226	390.5	245.45122	66.03697	312.82614	23.746658	1164000	2.1457671e-09	1269.9625	-0.017126726	-408.75964	0.20253308	0.016249292	0.2425	7.0	836.0089411735535
291	1062.3618	689.1987	2677.6094	420.73584	354.8889	245.566	66.74362	311.80618	22.633385	1168000	1.5318394e-08	1137.9487	-0.030875003	-630.9878	0.20183854	0.015007509	0.199	17.0	839.1812007427216
292	1840.3391	1104.6982	2942.9907	468.23526	647.6	276.86575	43.727325	311.9888	23.9344	1172000	5.1259996e-09	1163.9795	-0.0121939005	-533.4388	0.19738932	0.017240245	0.19325	5.0	841.8743278980255
293	896.31287	496.625	2057.0735	482.15	316.18182	230.55197	68.90608	311.8302	23.487682	1176000	7.629395e-09	2128.7617	-0.039714273	-909.2561	0.19650568	0.015024353	0.2275	29.0	844.7175052165985
294	1464.1133	869.0781	2844.833	661.4584	505.7143	252.39209	55.921425	313.03644	23.88155	1180000	-6.198883e-09	2579.636	-0.0137105705	-1423.5352	0.19532593	0.01694595	0.20225	5.0	847.3873498439789
295	1231.4584	735.93085	2968.9124	418.03888	422.1111	261.1029	60.137596	314.46722	23.868073	1184000	2.9802322e-08	1462.9568	-0.012024851	-514.7019	0.19530435	0.015962802	0.2035	6.0	850.0883688926697
296	1260.3864	1028.5698	3045.7588	483.92474	435.5	258.46234	54.250633	312.4243	23.460293	1188000	-3.027916e-08	1695.5592	-0.054668393	-679.85455	0.19522111	0.014680487	0.3215	79.0	852.9260587692261
297	1657.6448	700.5957	2708.1328	727.858	557.8571	261.48376	58.55027	315.49957	23.968737	1192000	3.6001204e-08	1735.8273	-0.035631437	-603.47424	0.2007317	0.015066283	0.2515	24.0	855.4931564331055
298	1645.9371	620.64856	2984.419	1003.7229	551.5714	265.63547	57.179935	317.76303	23.965279	1196000	2.5510788e-08	1140.1368	-0.013608796	-484.8786	0.19860953	0.015168766	0.2115	5.0	858.0021841526031
299	893.861	681.4641	2865.4917	323.50638	319.16666	250.90503	66.59695	319.13885	24.270836	1200000	7.1823596e-09	2908.763	-0.031808566	-1003.02625	0.19816878	0.015043329	0.21725	22.0	861.5064623355865
