Epoch	AverageEpRet	StdEpRet	MaxEpRet	MinEpRet	EpLen	AverageVVals	StdVVals	MaxVVals	MinVVals	TotalEnvInteracts	LossPi	LossV	DeltaLossPi	DeltaLossV	Entropy	KL	ClipFrac	StopIter	Time
0	22.264425	11.065881	34.742355	4.433189	1000.0	-0.04914943	0.20468363	0.47293848	-0.5066915	4000	9.953975e-09	44.76929	-0.0128889885	-23.866867	0.918941	0.017261198	0.2365	6.0	2.423572540283203
1	15.014692	11.381735	29.75475	-2.2109735	1000.0	-1.2237129	2.9003384	8.718401	-6.901957	8000	-8.225441e-09	13.729122	-0.011765077	-6.416945	0.91927886	0.017358227	0.2235	5.0	4.758265256881714
2	20.420647	1.0708399	21.53141	19.172619	1000.0	-1.5940049	1.8173616	9.826649	-3.291143	12000	2.157688e-08	6.9368896	-0.0041515054	-5.3591905	0.9188803	0.015912535	0.3095	6.0	7.4926598072052
3	15.135476	7.7821746	26.257019	4.5629263	1000.0	0.2573941	2.56008	12.982223	-2.6287916	16000	1.0967255e-08	2.7845223	-0.009467061	-0.6765108	0.91767997	0.003452446	0.05725	79.0	10.101794242858887
4	17.565104	3.94613	24.224371	14.437774	1000.0	0.054240003	1.9894807	11.720988	-1.902686	20000	4.053116e-09	1.3905319	-0.012763847	-0.31394863	0.90762115	0.007260046	0.07775	79.0	12.84804916381836
5	23.791172	1.0447434	25.24329	22.413128	1000.0	0.15876997	2.0950162	12.414471	-1.6716309	24000	0.0	1.5970631	-0.0074123302	-1.0326021	0.87823534	0.0055087833	0.06275	79.0	15.584104299545288
6	23.898607	1.491426	25.19242	21.386003	1000.0	0.2186086	2.7946115	15.071836	-1.8046483	28000	-1.835823e-08	0.7384308	-0.0044007488	-0.31076884	0.8638513	0.016825961	0.24625	4.0	17.645283699035645
7	27.682594	1.6156006	29.622292	25.136469	1000.0	0.56985027	3.0780377	16.75389	-3.2349753	32000	-7.033348e-09	0.8023417	-0.0009065863	-0.2739842	0.8638991	0.019530237	0.329	3.0	19.704673528671265
8	27.07565	1.035023	28.458544	25.856068	1000.0	1.808458	3.4883711	18.125685	-2.5017948	36000	-1.4305115e-09	1.7393409	-0.01034436	-0.8133205	0.8640923	0.0058943396	0.04775	79.0	22.395867109298706
9	28.666388	2.9014633	30.933153	23.704977	1000.0	1.0130513	2.9324114	18.322529	-1.3257234	40000	9.298325e-09	0.6984938	-0.009807804	-0.18304533	0.8395703	0.008267067	0.05175	79.0	24.975525617599487
10	30.384457	3.5183246	33.001118	24.412453	1000.0	1.3353302	2.7479749	18.392328	-1.1713183	44000	1.1563301e-08	0.54584485	-0.009551157	-0.12695205	0.82843775	0.004960418	0.05175	79.0	28.075993299484253
11	35.35342	0.49174717	35.917923	34.6535	1000.0	1.304951	2.9016469	19.199858	-2.0297806	48000	5.841255e-09	0.6685759	-0.013099532	-0.22418687	0.8253081	0.008808539	0.077	79.0	30.736936330795288
12	35.18483	2.647458	37.696342	31.122393	1000.0	1.5151076	2.895602	20.096556	-0.9935669	52000	-1.1444092e-08	0.41613883	-0.0021258348	-0.10046062	0.7977139	0.017514843	0.198	3.0	33.393296241760254
13	33.719536	1.3642423	35.015213	31.595917	1000.0	0.90537184	3.0952933	21.056751	-1.505727	56000	-9.059906e-09	0.4179946	-0.0035418475	-0.17101018	0.7971285	0.0184777	0.28475	3.0	35.77993392944336
14	33.259346	2.6614823	36.35669	29.007942	1000.0	1.6024112	3.0074456	21.399954	-0.6477597	60000	-3.4570693e-09	0.36960226	-0.005171957	-0.13855475	0.79632676	0.023306286	0.33625	4.0	37.84810423851013
15	31.84808	2.0438411	34.164894	28.702267	1000.0	0.6604683	3.20173	21.240292	-1.9387527	64000	6.7949295e-09	0.58892703	-0.008813141	-0.34042943	0.7950359	0.02214489	0.287	3.0	40.0360848903656
16	35.69049	2.6345627	39.447243	32.47489	1000.0	1.3521684	2.820744	21.177355	-1.4171355	68000	1.7642975e-08	0.35192692	-0.0008952851	-0.065828055	0.7944478	0.017136794	0.254	7.0	42.073094844818115
17	35.741634	3.9776106	38.511482	28.878895	1000.0	1.102668	2.9621243	21.413157	-1.539299	72000	2.0980835e-08	0.3727898	-0.0045773964	-0.09930566	0.79325104	0.022544779	0.309	4.0	44.1021203994751
18	36.60737	3.0028589	39.626484	32.967243	1000.0	1.7002708	2.9796207	21.63984	-0.21418634	76000	-6.7949295e-09	0.34798092	-0.004499669	-0.072511435	0.7925648	0.018237289	0.324	5.0	46.129382848739624
19	33.623554	3.0940807	36.734333	30.47328	1000.0	1.2518117	3.0284462	22.41082	-1.1679425	80000	-2.3841857e-09	0.24776769	-0.004591822	-0.046859324	0.7918727	0.016876284	0.27175	6.0	48.18345856666565
20	38.730965	2.2737966	42.284565	36.66477	1000.0	1.3932686	2.8016226	22.126842	-0.64836055	84000	8.8214875e-09	0.22870916	-0.011306737	-0.08684637	0.7904794	0.008513785	0.06875	79.0	50.68254065513611
21	35.379013	1.6875112	36.932076	32.598064	1000.0	1.5233325	2.983943	23.163515	-0.11206512	88000	-1.1920929e-09	0.20833579	-0.010183226	-0.048341826	0.77090263	0.0031802012	0.05	79.0	53.54978013038635
22	34.325226	2.4853709	38.52659	32.043575	1000.0	1.329541	2.9816937	23.286943	-1.2135159	92000	-2.861023e-09	0.22627358	-0.00831262	-0.057090044	0.766145	0.0075928853	0.059	79.0	56.39174461364746
23	36.330795	1.8408122	38.695595	33.942776	1000.0	1.229191	2.9917016	23.23896	-0.37195092	96000	1.3589859e-08	0.21316911	-0.008557994	-0.05219853	0.7486321	0.004302354	0.04375	79.0	59.153563261032104
24	37.693	0.882852	38.852432	36.694633	1000.0	1.4002724	3.0386646	23.7327	-0.21666433	100000	2.503395e-09	0.14814508	-0.012445956	-0.015753493	0.7423552	0.008076864	0.05525	79.0	61.72889423370361
25	37.6532	1.7355802	39.811203	35.077698	1000.0	1.4166412	3.0245183	24.176704	-0.24336323	104000	4.768372e-10	0.124279335	-0.008756354	-0.019806482	0.7498443	0.0066287364	0.04525	79.0	64.40080094337463
26	38.00941	2.579437	40.739384	33.783127	1000.0	1.5183364	3.0466614	24.088333	-0.8448392	108000	1.0490417e-08	0.17120416	-0.008805182	-0.015208736	0.7519473	0.0053603863	0.05475	79.0	66.90164399147034
27	38.586662	1.8489774	40.988804	36.651585	1000.0	1.5733571	3.1581986	23.843002	-0.7227657	112000	5.00679e-09	0.19597651	-0.009576182	-0.031293467	0.7549978	0.0051878667	0.0445	79.0	69.69249773025513
28	40.382645	0.56448823	40.986744	39.50272	1000.0	1.496386	2.95977	23.99152	-1.1974572	116000	-6.7353247e-09	0.20051919	-0.009044896	-0.07981446	0.74813795	0.0072990735	0.059	79.0	72.77684664726257
29	40.121586	0.42466554	40.82124	39.746475	1000.0	1.5479575	3.0302737	24.47056	-0.7088354	120000	-3.5762786e-09	0.12885727	-0.0107430555	-0.03903371	0.72571397	0.004277161	0.05625	79.0	75.54370021820068
30	38.676666	0.932753	39.7263	37.275093	1000.0	1.8059299	3.1332836	25.217525	0.07094136	124000	1.07288365e-08	0.14249474	-0.009468458	-0.06270123	0.71944445	0.0047041597	0.04675	79.0	78.43125414848328
31	39.886635	2.4589994	42.16889	35.75202	1000.0	1.40382	3.0576057	24.638817	-2.4731736	128000	1.9073487e-09	0.28562486	-0.012360872	-0.14898857	0.7097909	0.0014486928	0.05925	79.0	81.36497139930725
32	39.36536	1.6032411	41.197342	36.832104	1000.0	1.8078938	3.1418602	25.308897	-0.42148554	132000	-1.513958e-08	0.21145578	0.0026262468	-0.10699936	0.6923624	0.020808628	0.30175	2.0	83.65819525718689
33	38.014133	0.8013335	38.956642	36.848682	1000.0	1.4253964	3.0059075	24.838009	-0.7411825	136000	-7.390976e-09	0.10190363	-0.010628728	-0.013304859	0.69204164	0.009310995	0.05825	79.0	86.47732496261597
34	40.77221	2.170284	43.187504	38.502205	1000.0	1.5428252	3.0988865	24.647982	-0.7057948	140000	2.9802322e-10	0.19981174	-0.010961725	-0.07882512	0.68870044	0.008004093	0.0715	79.0	89.0927324295044
35	39.547585	1.5313491	41.68443	37.353874	1000.0	1.4865378	3.4421268	25.882551	-1.6568514	144000	2.861023e-09	0.1690497	-0.010762778	-0.047364242	0.65888613	0.0024036465	0.05	79.0	92.05074739456177
36	39.959	1.7960309	41.74884	37.530434	1000.0	1.5697021	3.1673634	25.85131	-0.76975834	148000	8.5830685e-09	0.104245566	-0.007675468	-0.017204918	0.64159817	0.00471909	0.0315	79.0	94.5934042930603
37	38.06305	0.9890051	39.48364	36.700756	1000.0	1.6243421	3.2409787	25.469921	-1.3166803	152000	2.360344e-08	0.13397522	-0.011411213	-0.03680385	0.64398724	0.006886991	0.05725	79.0	97.43238139152527
38	35.592537	4.7000666	40.117023	27.732128	1000.0	7.6645827	10.823754	25.837309	-0.96179485	156000	-5.5730343e-08	134.42847	-0.0056284107	-127.439064	0.6517124	0.0013842074	0.027	79.0	100.11514163017273
39	39.10773	1.3248733	40.720154	37.410366	1000.0	1.3827652	2.7273448	18.5652	-2.6775572	160000	-4.2915342e-09	0.8713125	-0.013011406	-0.3551972	0.6464851	0.0064485497	0.08875	79.0	103.05378937721252
40	39.653713	0.34268084	40.010777	39.138718	1000.0	1.545821	2.8013155	19.801641	-0.62096953	164000	1.9073487e-09	0.41116554	-0.012423119	-0.084525645	0.63762844	0.0041720443	0.06775	79.0	106.26558661460876
41	38.580555	0.8836346	39.981983	37.580383	1000.0	1.5973938	2.7858145	20.328997	-0.41779417	168000	-4.2915342e-09	0.3201391	-0.009098095	-0.06322071	0.6216799	0.004645275	0.04625	79.0	108.91350936889648
42	39.735535	1.0413287	40.641075	37.96306	1000.0	1.3358026	2.797166	20.74977	-0.8299503	172000	-3.8146974e-09	0.47394982	-0.008856422	-0.16393417	0.60861975	0.005896967	0.05475	79.0	111.56155705451965
43	39.94269	1.1602858	41.884964	38.982037	1000.0	1.5847005	2.980706	21.358057	-0.36691576	176000	4.768372e-10	0.35494635	-0.010042437	-0.11053622	0.5864377	0.004538033	0.04275	79.0	114.23263049125671
44	39.789196	1.780281	42.673584	37.805035	1000.0	1.5830742	2.864546	21.830946	-0.4520303	180000	-1.1920929e-09	0.21832792	-0.009334035	-0.040191263	0.56799376	0.003082612	0.036	79.0	117.31998896598816
45	41.373184	1.976597	43.635635	38.335663	1000.0	1.5714152	2.9941022	22.230112	-0.12869504	184000	2.3841857e-09	0.2882376	-0.012694924	-0.06705947	0.54197603	0.0037856475	0.04175	79.0	120.51605772972107
46	40.099483	1.235947	41.900356	38.615055	1000.0	1.7631093	3.075711	22.738026	-0.09598805	188000	-1.0490417e-08	0.1623651	-0.012570122	-0.04068231	0.53682387	0.005450455	0.08425	79.0	123.73238396644592
47	41.270035	0.9280583	42.806114	40.426823	1000.0	1.5397036	3.0270722	22.998922	-0.4132737	192000	6.198883e-09	0.20126654	-0.008921926	-0.05266635	0.5110273	0.0022993255	0.04025	79.0	126.80710434913635
48	40.48687	1.1633325	42.24515	39.270252	1000.0	1.6799202	3.1751292	23.390623	-0.7747368	196000	-4.2915342e-09	0.16677836	-0.011366608	-0.027884945	0.49920604	0.0077980426	0.05075	79.0	129.47253155708313
49	41.30848	1.6158261	44.02951	39.85444	1000.0	1.437021	3.113452	23.696068	-1.2109767	200000	5.00679e-09	0.26120797	-0.007206153	-0.06964514	0.48304525	0.00523303	0.04375	79.0	132.47262454032898
50	40.52877	0.88738924	41.18191	39.01266	1000.0	1.6480778	3.2433949	24.113588	-1.0356686	204000	-2.1457671e-09	0.23114797	-0.009734266	-0.050198853	0.47673053	0.0064147254	0.0545	79.0	135.46850275993347
51	40.7085	1.9425662	42.785297	38.289955	1000.0	1.5402483	3.198443	24.37596	-0.78312457	208000	-1.0967255e-08	0.10824872	0.0033650293	-0.014918573	0.46785462	0.018165108	0.21875	4.0	138.13809823989868
52	40.667343	2.5804694	44.23135	37.2136	1000.0	1.4538897	3.180246	24.58492	-0.95336103	212000	-1.9073487e-09	0.1301886	-2.0074845e-06	-0.02064728	0.46696886	0.019568767	0.1895	2.0	140.15986704826355
53	40.893795	1.607098	42.6597	38.804092	1000.0	1.7104031	3.2122207	24.754591	-0.18496631	216000	1.0490417e-08	0.122587934	-0.011492089	-0.035488367	0.4664617	0.003499836	0.073	79.0	142.6350326538086
54	42.45686	1.5835655	44.52851	40.19406	1000.0	1.5557414	3.2313685	24.989985	-0.7403479	220000	-6.6757204e-09	0.13848	-0.011179842	-0.026162483	0.4555362	0.0073501086	0.07875	79.0	145.10817575454712
55	40.918823	1.549013	42.12736	38.26255	1000.0	1.6141907	3.2892196	25.271875	-1.0543311	224000	7.7486035e-09	0.11904048	0.0006142851	-0.026181884	0.43611836	0.016264249	0.25525	2.0	147.69111514091492
56	41.501957	2.5295377	44.96036	37.88291	1000.0	1.5465174	3.322097	25.488129	-1.5868592	228000	-5.722046e-09	0.12240295	-0.012294414	-0.009678721	0.43578133	0.0030792516	0.086	79.0	150.68723249435425
57	42.014835	0.7669755	43.21617	41.16734	1000.0	1.6617458	3.332257	25.627747	-0.9268791	232000	-2.3126603e-08	0.060586225	0.0033465682	-0.0102004	0.4218179	0.015305935	0.25825	7.0	152.7926619052887
58	40.913616	1.0965346	42.802837	40.115784	1000.0	1.5806196	3.2682438	25.68323	-1.7066046	236000	1.3351441e-08	0.12075807	0.023203116	-0.019942485	0.420755	0.033094224	0.45575	1.0	155.44084525108337
59	40.463013	1.75668	42.64368	38.570206	1000.0	1.3854401	3.4025488	25.756674	-1.4465526	240000	3.8146974e-09	0.09728059	0.014426963	-0.032441087	0.42051563	0.018032486	0.31875	1.0	158.1067614555359
60	40.380272	1.7798755	42.141403	37.454273	1000.0	1.6912669	3.32642	25.924162	-0.4868772	244000	-1.2874604e-08	0.098414004	0.0030853895	-0.036459386	0.42024815	0.025571175	0.3165	3.0	160.78351831436157
61	39.974476	1.9291965	41.93813	38.03451	1000.0	1.6796261	3.4634187	25.797832	-1.074817	248000	1.3113022e-08	0.1205641	-0.0116156135	-0.030669138	0.41959772	0.010574614	0.08925	79.0	164.0146234035492
62	42.453712	1.4497465	44.042065	40.308575	1000.0	1.483791	3.333501	25.931871	-1.3959143	252000	-1.9073486e-08	0.11612075	-0.009033108	-0.035628468	0.41387543	0.0033280614	0.04125	79.0	166.54007363319397
63	41.824112	1.0427328	42.788223	40.24659	1000.0	1.6832268	3.3523407	26.342896	-1.0006973	256000	1.9669534e-08	0.059759	0.0055565094	-0.014243025	0.3977831	0.029004835	0.34925	2.0	168.61655735969543
64	41.99334	0.92117965	42.785423	40.51897	1000.0	1.6702796	3.49832	26.437212	-1.3720075	260000	-8.106232e-09	0.048244115	0.013325334	-0.009951081	0.39746094	0.030904073	0.41425	5.0	170.64794945716858
65	42.296253	2.6337092	45.472282	39.207317	1000.0	1.8014729	3.3126318	26.479342	-1.2424558	264000	-3.6358834e-08	0.15965536	-0.013057625	-0.05556062	0.39639607	0.00560938	0.0605	79.0	173.12513256072998
66	42.836258	1.8369138	44.21291	39.697945	1000.0	1.6408813	3.3547997	26.249302	-1.385809	268000	1.525879e-08	0.09139798	-0.0108124595	-0.023455806	0.38028216	0.003702057	0.0405	79.0	175.66416835784912
67	42.91993	1.2438364	44.44026	41.409595	1000.0	1.6821055	3.3809314	26.639141	-1.6671969	272000	3.3378602e-09	0.09325957	-9.057522e-05	-0.012227528	0.36087012	0.020674624	0.30225	34.0	177.87143778800964
68	43.17244	1.5918782	44.4061	40.47814	1000.0	1.7542194	3.412069	26.800879	-1.5869207	276000	-1.07288365e-08	0.085297614	-0.010850972	-0.016987592	0.3537493	0.004829179	0.059	79.0	180.35696363449097
69	42.741745	0.4712672	43.53011	42.279926	1000.0	1.6784304	3.4494278	26.629368	-1.5336671	280000	-4.7683715e-09	0.058807448	-0.01217674	-0.012665771	0.36012298	0.008396828	0.06325	79.0	182.84006333351135
70	42.005074	1.192614	43.67076	40.57135	1000.0	1.4203844	3.508832	26.800657	-1.7234905	284000	1.168251e-08	0.12562601	-0.010848545	-0.059299007	0.357612	0.0071748854	0.07025	79.0	185.3516354560852
71	44.11561	0.74517065	45.000202	43.138634	1000.0	1.6818018	3.5161548	26.98319	-1.6933708	288000	-7.629395e-09	0.117617294	-0.010705833	-0.034709997	0.3454518	0.0018238679	0.04925	79.0	188.26260042190552
72	42.11633	1.6027488	43.115192	39.341404	1000.0	1.6560998	3.4916286	26.960022	-1.3465862	292000	-5.2452087e-09	0.068271965	-0.01293223	-0.019090299	0.33910877	0.0096684005	0.0735	79.0	190.9065375328064
73	44.631725	1.8808998	46.418938	41.522446	1000.0	1.7301804	3.4840443	26.382206	-1.205292	296000	1.4424324e-08	0.060225677	-0.012463525	-0.012774885	0.34389734	0.004064191	0.0685	79.0	194.11756992340088
74	44.216564	1.4385628	46.0374	42.179035	1000.0	1.4887046	3.634524	27.20289	-1.2400627	300000	-3.3378602e-09	0.07798012	0.0013722134	-0.02328496	0.325516	0.015070167	0.25725	2.0	196.17194628715515
75	44.100983	1.5759817	45.937893	42.242542	1000.0	1.8511751	3.5762901	27.585812	-0.7473142	304000	-1.8835069e-08	0.080644034	-0.010392359	-0.022606917	0.32523727	0.0059400513	0.05575	79.0	199.05928587913513
76	45.434822	0.7792965	46.744682	44.83866	1000.0	1.6128962	3.518537	27.21854	-1.1853313	308000	-2.2411346e-08	0.0747282	0.0010438415	-0.01798547	0.34426063	0.0151936	0.23825	2.0	201.07530760765076
77	43.52368	2.4942849	46.011574	40.48486	1000.0	1.892833	3.5587304	27.728876	-0.89538276	312000	2.2292138e-08	0.111437574	0.0003397627	-0.030840859	0.3445425	0.015910983	0.1675	6.0	203.12382745742798
78	46.38781	0.87026864	47.87666	45.695225	1000.0	1.8082093	3.5615902	27.401543	-0.9387677	316000	2.3841857e-09	0.07228255	-0.009024254	-0.023281578	0.34553456	0.005061956	0.044	79.0	205.59079337120056
79	45.74659	0.84462863	46.487053	44.313072	1000.0	1.8756511	3.5708697	28.145151	-0.89247227	320000	-2.336502e-08	0.09348104	-0.0099765295	-0.017382033	0.34436348	0.0043068267	0.041	79.0	208.1093032360077
80	45.821793	1.6341094	48.034836	44.239643	1000.0	1.9033879	3.4978824	27.680725	-0.9102075	324000	-1.9550324e-08	0.04382084	-0.010568887	-0.010446589	0.33286804	0.0034672113	0.049	79.0	210.9787712097168
81	46.4955	1.3496871	47.767628	44.379353	1000.0	2.0417414	3.3732154	27.64694	-0.80907655	328000	-8.34465e-09	0.095131904	-0.011754743	-0.023580208	0.3249611	0.0057396903	0.06375	79.0	213.57643866539001
82	46.775383	2.3877885	48.829514	42.80076	1000.0	2.040989	3.4002492	27.588371	-0.6129301	332000	-9.536743e-09	0.09422303	-0.012526005	-0.034148756	0.31875563	0.0061626583	0.05625	79.0	216.36980485916138
83	47.79934	0.77355534	48.36216	46.467102	1000.0	2.1194575	3.4190202	27.127821	-1.0617346	336000	-5.4836273e-09	0.09521012	-0.015047299	-0.01944305	0.3187167	0.008540862	0.083	79.0	219.29910373687744
84	47.959694	1.3571551	49.391052	45.725407	1000.0	1.841447	3.561033	27.739582	-0.7837873	340000	1.4185906e-08	0.0857176	-0.011290421	-0.034333114	0.3059421	0.007000995	0.068	79.0	221.89307689666748
85	48.02523	0.7782519	48.966347	46.86269	1000.0	2.2357178	3.5595062	27.733032	-0.6608549	344000	-3.576279e-08	0.06533565	-0.014389621	-0.014950316	0.2989698	0.007371705	0.07175	79.0	224.39764308929443
86	48.58709	1.5449564	50.73306	46.37413	1000.0	2.2195978	3.4399488	27.49367	-0.7840742	348000	-7.1525574e-10	0.08415161	0.0073319934	-0.0080208555	0.27827093	0.015833162	0.2255	4.0	227.0110683441162
87	47.123207	2.2714264	50.64712	44.91924	1000.0	2.1064465	3.485473	27.357061	-0.8203672	352000	1.5735626e-08	0.092982024	-0.013080157	-0.006584868	0.2781811	0.0062189824	0.0805	79.0	229.76337099075317
88	49.124573	2.0677907	52.309505	46.53325	1000.0	2.244858	3.4678593	27.68747	-0.58067685	356000	-3.0755995e-08	0.09303798	-0.012285208	-0.014622077	0.2626544	0.005205584	0.05975	79.0	232.8929100036621
89	46.38277	1.1613077	48.241467	45.064713	1000.0	2.1176534	3.507203	27.224926	-0.9249444	360000	1.3351441e-08	0.07887268	-0.0103971325	-0.010779977	0.27547887	0.0023414656	0.0535	79.0	235.82501339912415
90	50.47061	1.3303072	51.575867	48.2432	1000.0	2.316826	3.43617	27.145773	-0.64538795	364000	1.3113022e-08	0.14419511	0.0047618486	-0.07417469	0.27648386	0.017127855	0.30375	10.0	237.95368432998657
91	49.652626	0.5075936	50.443855	49.085476	1000.0	2.3976333	3.487047	27.093893	-0.5025341	368000	1.2397766e-08	0.07292496	-0.012237099	-0.018205881	0.27650908	0.0064929808	0.06925	79.0	240.49961519241333
92	51.2734	1.1872865	53.217133	50.043877	1000.0	2.19652	3.6126742	27.765528	-0.7003945	372000	-2.861023e-09	0.07690313	-0.010758514	-0.025970362	0.27688995	0.0087191565	0.074	79.0	243.6525957584381
93	50.923653	1.488617	52.964096	48.888073	1000.0	2.4017189	3.6420631	28.502262	-0.7872142	376000	2.5629998e-09	0.100417316	-0.016076943	-0.029963762	0.26335305	0.0051308693	0.08775	79.0	246.53007674217224
94	51.992348	1.834106	54.551125	49.421577	1000.0	2.4197598	3.5989773	28.009932	-0.767521	380000	-8.5830685e-09	0.077731825	-0.0149716195	-0.02247027	0.26939252	0.0034857858	0.09	79.0	249.7468512058258
95	53.425087	1.6632315	55.267574	50.808582	1000.0	2.5028672	3.5460963	28.252434	-0.66869944	384000	4.339218e-08	0.11650154	-0.015023121	-0.044479974	0.25010625	0.008337469	0.09225	79.0	252.36200714111328
96	55.451538	2.1045146	57.231457	51.921406	1000.0	2.663877	3.5495734	28.486507	-0.14686379	388000	1.4066696e-08	0.10770171	-0.015015846	-0.03770396	0.24097008	0.0081728045	0.10375	79.0	255.56646704673767
97	55.642433	3.034275	60.30364	51.9327	1000.0	2.944876	3.5175357	28.879097	0.13827282	392000	2.6941299e-08	0.107563734	-0.013195183	-0.030827776	0.21585104	0.0042794617	0.07325	79.0	258.18366837501526
98	57.742485	1.2614836	59.868675	56.58101	1000.0	2.9529262	3.5695953	28.82322	0.108343214	396000	-5.4836273e-09	0.075920016	-0.011429216	-0.014267426	0.20991546	0.009671211	0.06175	79.0	260.82325625419617
99	57.896023	3.3996263	62.79507	53.398136	1000.0	3.20132	3.46036	28.86341	0.59037256	400000	8.34465e-09	0.12799141	-0.0013011453	-0.040734358	0.19659056	0.015589102	0.17125	6.0	262.93294048309326
100	58.936207	1.1542736	60.441277	57.453957	1000.0	3.219126	3.41792	28.911505	0.39651525	404000	2.4318695e-08	0.07493487	0.005423672	-0.029977117	0.19641754	0.023482336	0.28025	10.0	265.05188179016113
101	55.515556	2.8791661	59.236385	51.15831	1000.0	3.0210369	3.5426133	29.369532	-0.009327173	408000	-8.702278e-09	0.15100378	0.0069495533	-0.06017439	0.19236946	0.024656106	0.34625	5.0	267.1496214866638
102	57.24168	1.7295431	60.066475	55.48973	1000.0	2.8762412	3.4450138	28.447996	0.17461047	412000	-1.8119811e-08	0.095676586	0.008675664	-0.0565317	0.19040358	0.022201074	0.30825	5.0	269.22640228271484
103	53.945835	0.43432203	54.348324	53.299835	1000.0	3.1000385	3.4415383	28.790638	-0.27180162	416000	-4.196167e-08	0.1895827	-0.0117865475	-0.09811261	0.18973787	0.0041239653	0.065	79.0	271.8356420993805
104	58.551636	1.3968983	60.19093	57.09615	1000.0	2.9787323	3.4507127	28.864302	0.016747326	420000	2.4557114e-08	0.114045456	0.0030626322	-0.06742592	0.18297932	0.0209715	0.31275	10.0	274.2059109210968
105	59.010788	1.9751183	61.22796	56.71003	1000.0	3.46007	3.3051193	28.298376	0.61661035	424000	1.0967255e-08	0.105400234	0.0012905453	-0.026116662	0.18158072	0.016109971	0.17025	2.0	276.84417057037354
106	62.55152	3.0162644	66.22598	58.61411	1000.0	3.3781793	3.377843	29.121311	0.60960746	428000	-5.3882598e-08	0.10658171	-0.012405051	-0.04734783	0.1811103	0.008684295	0.06875	79.0	279.70695996284485
107	61.60662	2.6524787	65.84917	58.670094	1000.0	3.599346	3.3639455	29.407713	0.46433312	432000	-2.0861626e-09	0.123227134	-0.0152754225	-0.048278205	0.17955315	0.008764098	0.1005	79.0	282.5333478450775
108	64.88808	1.89484	66.95141	62.848946	1000.0	3.69524	3.373637	29.434587	0.8583216	436000	-2.849102e-08	0.09057998	-0.014177587	-0.043446116	0.15805718	0.0056220056	0.08325	79.0	285.28058791160583
109	64.76807	1.4298785	66.867004	63.07333	1000.0	3.8137352	3.3921707	29.5084	0.7573761	440000	-1.835823e-08	0.13739197	-0.012726602	-0.030870818	0.13659917	0.0073644253	0.07025	79.0	288.0470368862152
110	66.64084	2.1139047	69.658745	63.915184	1000.0	4.137421	3.3605137	29.538635	1.0517443	444000	3.385544e-08	0.11268453	-0.013303447	-0.017902486	0.12909839	0.0065047154	0.07625	79.0	290.80054473876953
111	69.62457	1.5191499	71.73495	67.48681	1000.0	4.322383	3.3177722	29.692198	1.0200794	448000	1.5735626e-08	0.094293185	0.0024723597	-0.01242248	0.1119624	0.01654562	0.214	8.0	292.8482527732849
112	70.11035	3.7894201	75.24387	65.10622	1000.0	4.399925	3.2505524	29.599426	1.4989903	452000	1.5079975e-08	0.13627164	-0.01299	-0.037224628	0.1101875	0.0067919027	0.077	79.0	295.3229160308838
113	74.471954	3.2938814	79.45055	71.40992	1000.0	4.7442923	3.2465656	29.467426	2.30332	456000	-2.7656554e-08	0.13646963	-0.015678003	-0.049696095	0.0951608	0.0049019004	0.07625	79.0	297.8321921825409
114	71.104454	2.9558294	73.13719	66.027275	1000.0	4.91133	3.0716493	29.411531	2.506176	460000	-2.759695e-08	0.096848086	0.0006273136	-0.020832472	0.07747391	0.015491343	0.182	2.0	299.84478878974915
115	74.11271	1.9222028	77.37484	72.45383	1000.0	5.0485525	3.031927	29.774094	2.8658261	464000	2.4557114e-08	0.059551124	-0.013360687	-0.01668251	0.077313915	0.007206541	0.096	79.0	302.31859493255615
116	75.40088	3.4349275	79.49925	69.968704	1000.0	5.1313457	3.0955749	29.819056	3.205953	468000	-3.3378602e-09	0.07221604	-0.017078679	-0.025064297	0.081279926	0.009835641	0.10925	79.0	304.782324552536
117	76.35623	2.2904737	78.1449	72.515274	1000.0	5.3258195	3.0439696	29.502853	3.5364802	472000	3.9339065e-09	0.094520256	-0.013494437	-0.052792303	0.07346701	0.006313132	0.077	79.0	307.40949535369873
118	78.9073	4.8018384	85.48474	72.39107	1000.0	5.5441003	3.0483694	30.012049	4.032443	476000	6.5803526e-08	0.071790546	-0.014903619	-0.028539822	0.0604933	0.008006231	0.083	79.0	310.03032302856445
119	80.14105	3.3654532	83.735275	76.03759	1000.0	5.687892	3.0314987	30.41775	4.0285163	480000	1.4066696e-08	0.07339952	-0.00048320155	-0.030834638	0.03888463	0.022176852	0.2655	9.0	312.12546253204346
120	80.44022	1.7531446	82.58831	78.26539	1000.0	5.7855787	3.0837848	29.905556	4.0185804	484000	-6.198883e-09	0.04377842	0.001683599	-0.0075467974	0.036659416	0.019252686	0.24375	3.0	314.1840033531189
121	82.52367	2.5257173	85.91241	78.78591	1000.0	5.8572707	3.0893092	30.459904	4.121938	488000	-6.198883e-09	0.06713276	-0.014624604	-0.021140028	0.03540815	0.0066080103	0.07575	79.0	316.8560619354248
122	79.60053	3.4997294	83.80564	74.08712	1000.0	5.806228	2.9944139	29.536304	3.8829176	492000	-1.4305115e-09	0.07715329	-0.003193296	-0.010613419	0.015714567	0.018346982	0.2535	65.0	319.9592032432556
123	81.54303	3.1106606	84.79502	76.85219	1000.0	5.8503137	3.056703	30.071692	4.186753	496000	2.4795533e-08	0.06849301	-0.014116346	-0.018414028	0.0031805725	0.006664613	0.086	79.0	322.75407099723816
124	84.49789	1.4603628	86.37933	82.586754	1000.0	5.994022	3.1094153	30.354376	4.243844	500000	1.0251999e-08	0.039956003	-0.012975043	-0.015856536	-0.01098346	0.008148575	0.0655	79.0	325.5515923500061
125	82.42158	3.5762534	88.00145	78.819725	1000.0	6.065596	3.1356566	30.657139	4.402975	504000	3.8146974e-09	0.055910572	0.0062950524	-0.007984571	-0.027032226	0.026842901	0.36525	6.0	327.58669424057007
126	81.272194	2.6670475	84.64567	77.44451	1000.0	6.0266914	2.9669135	28.791397	4.5399137	508000	9.179115e-09	0.046205558	0.008663571	-0.0144077055	-0.027712388	0.02239055	0.3195	3.0	329.87493443489075
127	82.47836	1.3101	84.04544	80.96229	1000.0	6.0806556	3.066306	29.568144	4.4094434	512000	1.34706495e-08	0.06385101	0.006338543	-0.023250364	-0.028112495	0.029283898	0.345	1.0	331.8799262046814
128	85.96415	2.5519047	89.92602	82.8013	1000.0	6.1509304	3.1700935	30.299206	4.4558253	516000	2.2172928e-08	0.050668668	0.011963303	-0.00866862	-0.028256081	0.03284792	0.336	1.0	333.9211645126343
129	82.36374	1.4726796	83.63422	79.927505	1000.0	6.183586	3.0100741	28.95026	4.427361	520000	-1.66893e-08	0.04842477	0.008932512	-0.015598092	-0.02844683	0.027733766	0.32925	1.0	335.96416211128235
130	85.045334	1.6794596	87.81908	83.342545	1000.0	6.2514744	3.036041	29.924084	4.189756	524000	3.9100648e-08	0.05602119	0.008841488	-0.009650521	-0.028640114	0.01979294	0.26425	1.0	338.01023387908936
131	84.61381	2.2259934	87.43223	81.52398	1000.0	6.2911425	3.0665903	30.512327	4.596749	528000	3.4809112e-08	0.049365196	0.007860445	-0.015424345	-0.028813796	0.025954537	0.34	3.0	340.11726689338684
132	85.13599	3.0888288	89.92071	81.35864	1000.0	6.184888	2.9857156	30.158278	4.3879757	532000	-4.529953e-09	0.05599636	-0.0031595696	-0.007947452	-0.029045532	0.01513337	0.13625	6.0	342.5235457420349
133	85.70268	2.0753617	88.12073	83.385605	1000.0	6.320074	2.9429526	29.705986	4.5570555	536000	-7.152557e-09	0.039476685	-0.013355181	-0.00850114	-0.029479874	0.006596793	0.09	79.0	345.2190647125244
134	86.957016	2.546614	89.62531	84.175995	1000.0	6.420964	2.996831	30.454346	4.692985	540000	2.1219254e-08	0.048775207	-0.012939355	-0.013809204	-0.05336931	0.004858866	0.0765	79.0	347.77049469947815
135	87.07596	2.4561582	89.859795	83.14497	1000.0	6.417386	3.0384562	30.603025	4.7654634	544000	1.9073487e-09	0.051028103	-0.0133043695	-0.010879137	-0.06683814	0.007227943	0.07475	79.0	350.84181690216064
136	87.86856	0.6421849	88.792046	86.97947	1000.0	6.5472207	3.059781	30.630136	4.751625	548000	-4.6253206e-08	0.061152384	-0.014274866	-0.012908541	-0.07629881	0.0073463325	0.062	79.0	353.75652050971985
137	90.37531	1.791194	93.412704	88.76705	1000.0	6.517212	3.0957685	31.151445	4.5548353	552000	4.7683715e-09	0.06888156	-0.014518415	-0.03907726	-0.080457084	0.005373024	0.09025	79.0	356.5801486968994
138	90.05622	1.2133578	91.79497	88.36611	1000.0	6.7042403	3.0875669	30.936047	4.8954206	556000	-2.0503998e-08	0.04485437	-0.014643939	-0.011976041	-0.099514075	0.007419737	0.08925	79.0	359.65688824653625
139	88.730865	1.7238098	90.885414	86.12686	1000.0	6.75416	3.1415668	30.712116	4.929362	560000	7.152557e-09	0.16829564	-0.011406015	-0.050289504	-0.11578912	0.006160284	0.0895	79.0	362.50347661972046
140	89.27206	1.1369644	91.094765	88.07329	1000.0	6.719177	3.1128676	29.97111	4.9558535	564000	-3.409386e-08	0.029740725	0.0005134161	-0.007040629	-0.1356818	0.016467985	0.2005	19.0	365.1022479534149
141	92.38316	1.7676013	94.92406	90.57667	1000.0	6.7949963	3.2342439	31.18308	4.832127	568000	3.004074e-08	0.04212635	0.021174943	-0.010696992	-0.13701507	0.04530973	0.44775	1.0	367.4153060913086
142	89.47287	1.1308705	91.36707	88.59595	1000.0	6.722503	3.14087	30.30298	4.925858	572000	1.3113022e-09	0.053985234	0.036033295	-0.019038148	-0.13714719	0.08169467	0.574	1.0	370.00403594970703
143	88.171974	1.5042958	90.19681	85.9576	1000.0	6.593054	3.0884705	29.922594	4.918814	576000	-3.8146974e-09	0.03431222	0.023721764	-0.006211562	-0.13729608	0.038010057	0.387	1.0	372.60319781303406
144	88.0312	1.9030963	90.96198	85.785194	1000.0	6.5233135	3.0553553	30.32839	4.6808186	580000	5.722046e-09	0.036593914	0.010399735	-0.0039532855	-0.13743272	0.017909367	0.28425	1.0	375.17695689201355
145	88.53972	1.297731	90.109276	86.85879	1000.0	6.570828	3.0822637	30.765163	4.854249	584000	1.2397766e-08	0.05370127	0.012631617	-0.016874027	-0.13757004	0.01987833	0.34225	1.0	377.4677641391754
146	83.80952	3.1523948	88.404045	79.67593	1000.0	6.497635	2.955003	29.416569	4.8159065	588000	1.9550324e-08	0.07735684	0.011313943	-0.029010262	-0.13769132	0.020912725	0.3535	1.0	379.49553775787354
147	88.65358	3.3499491	92.08294	84.941765	1000.0	6.513556	3.0401292	31.035978	4.5686865	592000	1.2874604e-08	0.057044227	-0.0005772357	-0.01914595	-0.1377909	0.015992124	0.2155	3.0	381.51457929611206
148	86.763084	2.8137841	90.06089	82.45903	1000.0	6.52641	3.1730156	30.6498	4.5136347	596000	2.861023e-09	0.104162246	-0.00039375067	-0.024693713	-0.13801053	0.015604807	0.17275	5.0	383.816260099411
149	82.56847	3.1069922	85.8179	77.44182	1000.0	6.287929	3.0014672	30.234653	4.061507	600000	-2.7179718e-08	0.0933256	0.011465726	-0.020238824	-0.13877131	0.020026121	0.282	1.0	385.8645067214966
150	87.021965	1.8100578	88.6561	83.9626	1000.0	6.4420357	2.9888673	28.26853	4.1239705	604000	1.180172e-08	0.063625574	0.01568126	-0.03523723	-0.13900125	0.026356436	0.36875	2.0	387.948184967041
151	88.65519	4.037164	92.3248	82.04752	1000.0	6.6648984	3.0572698	30.826706	4.568351	608000	1.758337e-08	0.041703075	0.040478963	-0.004901774	-0.1395767	0.06501676	0.55175	1.0	390.3176257610321
152	89.72661	0.7019852	90.632034	88.86989	1000.0	6.765521	3.1146266	30.98467	4.9257936	612000	3.2663344e-08	0.044995256	0.035471942	-0.015445873	-0.13990754	0.042846467	0.525	1.0	392.79894828796387
153	88.86178	0.7685573	89.60756	87.63766	1000.0	6.688618	2.9886718	29.811428	4.7293463	616000	4.1246413e-08	0.044555847	0.032968033	-0.013062153	-0.14023325	0.048019443	0.52775	1.0	394.8019664287567
154	88.64383	2.7619903	92.48449	84.68269	1000.0	6.7804065	2.9441726	29.470308	5.079795	620000	-4.8041343e-08	0.048348885	0.037704166	-0.021913178	-0.14059076	0.06516596	0.536	1.0	396.80583906173706
155	90.14682	1.5242375	92.2086	88.591774	1000.0	6.7848635	3.0618093	30.539827	4.7815876	624000	3.528595e-08	0.033881005	0.03232743	-0.006442692	-0.1409178	0.04763781	0.48825	1.0	398.8561336994171
156	90.968605	1.4320436	93.13103	89.14893	1000.0	6.8638906	3.074214	30.521101	5.130908	628000	-2.2828578e-08	0.032272868	0.026825037	-0.00557526	-0.14125252	0.03816259	0.462	1.0	400.8682119846344
157	89.807884	2.406702	93.253365	87.42941	1000.0	6.901861	2.975289	30.083755	5.208081	632000	1.0967255e-08	0.03318762	0.019651685	-0.011713842	-0.14159277	0.033915285	0.42	1.0	402.9536979198456
158	90.311775	2.7576048	94.6976	87.21614	1000.0	6.912036	3.077167	30.641562	5.0406694	636000	-2.9802322e-08	0.039384358	0.009704024	-0.0055390187	-0.14188711	0.019572372	0.27125	1.0	404.98670959472656
159	94.99107	0.99756426	96.42744	93.71237	1000.0	6.977192	3.2013853	30.99199	5.065523	640000	-3.194809e-08	0.027461272	-0.015084893	-0.014218462	-0.14216493	0.0040906887	0.09275	79.0	407.6579794883728
160	91.11262	3.409549	95.213585	85.92083	1000.0	7.0792985	3.0720563	31.081429	5.2102046	644000	4.7683715e-09	0.05004799	-0.0016903848	-0.024484418	-0.15526807	0.020273434	0.23525	7.0	410.0391685962677
161	91.355385	3.198216	96.225525	87.32126	1000.0	7.0105224	2.9836705	30.038654	5.1453176	648000	-6.9141386e-09	0.03625189	-0.007752287	-0.010646576	-0.15707599	0.0155441845	0.18575	31.0	412.82032561302185
162	94.494545	0.97837317	95.371056	92.91423	1000.0	7.153541	3.0205238	29.73348	5.1450653	652000	-9.059906e-09	0.030568209	-0.009559749	-0.0071608424	-0.16623566	0.00020938099	0.05225	79.0	415.64477252960205
163	94.33728	1.0864983	96.00172	92.95503	1000.0	7.2029047	3.1019068	30.10121	5.28439	656000	-1.2397766e-08	0.024581453	-0.012331321	-0.009634918	-0.18043658	0.005598438	0.06775	79.0	418.4636423587799
164	94.14586	3.7208872	98.642944	89.88361	1000.0	7.2078433	3.0003514	30.973991	5.2666183	660000	3.3140182e-08	0.03500173	-0.01144443	-0.007351918	-0.19563518	0.007969642	0.05375	79.0	421.2880938053131
165	94.87157	1.1612027	96.82882	93.81744	1000.0	7.199735	3.019441	30.25081	5.2555003	664000	-2.0980835e-08	0.027423741	0.0053791953	-0.0092834495	-0.20557226	0.022643866	0.31525	1.0	423.57041811943054
166	95.21715	1.0558435	96.68596	93.80151	1000.0	7.2392173	3.0432177	30.447916	5.48565	668000	1.2159347e-08	0.034639847	0.021796139	-0.010666316	-0.20566626	0.044905342	0.50075	1.0	425.96271800994873
167	96.14982	1.5899646	98.87538	94.86986	1000.0	7.239762	3.0957835	31.436762	5.36478	672000	-2.384186e-10	0.030252114	0.020089956	-0.0063257273	-0.205742	0.028108208	0.3965	1.0	428.2750449180603
168	94.11723	2.0390542	96.518036	90.91182	1000.0	7.200388	3.0691538	30.386528	5.389981	676000	-2.8133393e-08	0.06079551	0.03148564	-0.009652838	-0.20583686	0.07181786	0.5795	1.0	430.5427498817444
169	95.598206	3.3680933	101.32278	92.63525	1000.0	7.176742	3.0605197	31.373621	5.3218207	680000	-1.4424324e-08	0.050086748	0.03912987	-0.022862388	-0.20590422	0.048201118	0.54075	1.0	432.8157067298889
170	91.69348	1.4443843	93.06649	89.26443	1000.0	7.118958	2.9893332	29.903774	5.398223	684000	3.3378602e-09	0.11423554	0.023809165	-0.0481036	-0.20601386	0.03098302	0.39725	1.0	435.42645025253296
171	91.73677	3.7536268	95.53603	86.04101	1000.0	6.9994164	3.0220494	29.738434	4.775288	688000	-5.4121017e-08	0.057029504	0.02204992	-0.008309908	-0.2061518	0.035999224	0.42275	1.0	437.79100799560547
172	88.310776	2.867302	91.09808	83.5234	1000.0	6.9631314	2.9473832	30.248903	4.7777534	692000	2.5749207e-08	0.07606345	0.0028862888	-0.009210438	-0.20630515	0.022407768	0.30825	2.0	440.0687417984009
173	88.4702	5.981869	97.81611	81.76135	1000.0	6.968024	2.966324	31.448881	4.58705	696000	1.3113022e-08	0.13119622	0.01300344	-0.035397068	-0.20678902	0.029153822	0.3695	1.0	442.37776470184326
174	93.16257	5.34399	101.85263	87.28348	1000.0	7.111811	3.0436907	30.50563	4.4359217	700000	-2.3126603e-08	0.07773226	0.008821077	-0.028051693	-0.2070219	0.02017766	0.26875	1.0	444.6943168640137
175	94.64564	0.91483116	95.9134	93.372284	1000.0	7.2759314	3.035424	29.648954	5.025377	704000	-2.348423e-08	0.048608016	0.016681554	-0.012149364	-0.20723647	0.025559539	0.37925	1.0	446.72574949264526
176	95.14277	1.9449198	98.15598	92.736595	1000.0	7.3956804	3.075541	30.767311	5.3050146	708000	1.692772e-08	0.030313155	0.012207404	-0.0072622523	-0.20747225	0.027082548	0.31325	1.0	448.7548019886017
177	95.64319	3.671434	98.539925	89.38481	1000.0	7.323762	2.9904606	30.36556	5.444927	712000	6.9141386e-09	0.032837145	0.009445237	-0.0092479065	-0.20770608	0.022551514	0.29975	1.0	450.798255443573
178	95.44133	1.439459	97.21971	93.20319	1000.0	7.3831034	3.0255013	29.552631	5.481841	716000	4.673004e-08	0.03191093	0.004899497	-0.0063516553	-0.20793732	0.016488282	0.22	2.0	452.8919143676758
179	92.51488	3.3878577	97.18199	87.82498	1000.0	7.3404536	2.9666321	29.712559	4.9594064	720000	4.529953e-09	0.084511906	0.017162697	-0.018011883	-0.20865612	0.047208752	0.489	1.0	454.93225383758545
180	93.80439	3.027441	98.44297	90.298996	1000.0	7.251286	2.9786768	30.452963	5.4321785	724000	1.8775463e-08	0.044248067	0.02151304	-0.02355712	-0.2090578	0.04826535	0.4565	1.0	457.57184863090515
181	95.481094	4.269614	100.19757	89.10853	1000.0	7.3141794	3.0123117	30.89339	5.0367446	728000	1.26361845e-08	0.073930874	0.012250071	-0.017764673	-0.20940976	0.02665816	0.36275	1.0	460.1981370449066
182	94.30156	2.0521703	97.37919	92.05856	1000.0	7.3249865	2.966819	31.009708	5.0424275	732000	-1.502037e-08	0.03292629	0.020846816	-0.010715222	-0.20976458	0.042900935	0.43925	2.0	462.8564121723175
183	93.126335	2.339244	94.888885	89.10105	1000.0	7.364606	2.9436965	29.69865	5.1983447	736000	5.841255e-09	0.062056653	0.03672825	-0.0138348155	-0.21057588	0.064056516	0.553	1.0	464.9629604816437
184	94.20941	1.9474026	95.953705	91.08002	1000.0	7.3683553	3.0347354	30.481201	5.399843	740000	3.0994414e-08	0.04543882	0.03320993	-0.015587786	-0.21097791	0.047039613	0.50025	1.0	466.9960148334503
185	95.550224	4.4780216	100.89526	90.06869	1000.0	7.412626	2.9611158	30.86308	5.545976	744000	-1.2874604e-08	0.028449217	0.020323303	-0.012996792	-0.21137471	0.027897086	0.4155	1.0	469.03532242774963
186	97.900925	1.508713	100.48501	96.8162	1000.0	7.632646	3.1024485	31.343922	5.737239	748000	4.768372e-10	0.14467157	0.010066743	-0.045230575	-0.21180935	0.038338486	0.43375	1.0	471.1030523777008
187	96.90535	3.0956998	100.6659	92.18124	1000.0	7.4932237	2.9583416	29.95374	5.743644	752000	-6.198883e-09	0.03442104	0.00928231	-0.0068227295	-0.21217544	0.023389222	0.30075	1.0	473.7558012008667
188	96.971535	2.522624	100.28022	94.23693	1000.0	7.547685	3.0061965	31.16019	5.6274586	756000	1.6570091e-08	0.0393222	-0.01115715	-0.008232022	-0.21253324	0.0055166795	0.08	79.0	476.35263776779175
189	98.1295	2.0713968	101.70288	96.64443	1000.0	7.599807	3.054639	31.387075	5.750316	760000	-3.409386e-08	0.028941121	-0.013951053	-0.009632658	-0.22768557	0.0095269615	0.06725	79.0	479.37495374679565
190	98.29927	2.994872	102.23227	94.63813	1000.0	7.5772557	3.0547478	31.61271	5.6138525	764000	-1.9073486e-08	0.037438437	-0.01489367	-0.011196954	-0.22843039	0.008054709	0.07075	79.0	482.3544719219208
191	75.77415	40.947548	102.16698	4.9213686	1000.0	9.849372	6.7714243	32.496376	5.827595	768000	-8.016825e-08	111.55482	-0.0132203195	-73.66876	-0.25089645	0.004998275	0.07625	79.0	485.42073678970337
192	97.34631	1.1708167	98.80141	95.53064	1000.0	5.9786625	3.5004535	29.026136	-5.073479	772000	2.5510788e-08	3.6725342	-0.0088736	-3.187239	-0.2341339	0.015479262	0.0705	51.0	487.8146538734436
193	99.915596	0.2773308	100.17516	99.45822	1000.0	7.5381584	2.9269567	29.629238	5.1004987	776000	-1.7523766e-08	0.29564273	-0.010936182	-0.13286464	-0.24460486	0.0049042576	0.05075	79.0	490.7870216369629
194	97.27959	2.6237524	101.50391	94.295364	1000.0	7.631123	2.9903092	30.032059	4.8410506	780000	5.2452087e-09	0.20266555	-0.014211747	-0.06494278	-0.255665	0.0038180472	0.05925	79.0	493.3862404823303
195	99.44731	1.4329743	101.64252	97.72888	1000.0	7.675719	2.9121542	29.877216	5.57193	784000	2.1457673e-08	0.13743128	-0.012611376	-0.047975324	-0.27765822	0.005188306	0.072	79.0	496.04397773742676
196	101.102325	2.408792	103.35786	97.13075	1000.0	7.7840667	2.947979	30.158306	5.128833	788000	3.0994414e-08	0.11293862	-0.010486899	-0.025124885	-0.2930327	0.0030290647	0.0445	79.0	498.9965138435364
197	100.11133	3.9854794	104.56607	94.47443	1000.0	7.82071	3.1309853	30.283022	-16.501623	792000	1.4305114e-08	1.2751803	-0.00021855831	-1.084475	-0.28448233	0.021882588	0.29525	2.0	501.4645962715149
198	97.94049	1.7242881	100.11886	95.3562	1000.0	7.6657987	2.9812708	29.842464	6.00522	796000	-1.0967255e-08	0.06911152	-0.013880272	-0.01544442	-0.2842734	0.007855558	0.09025	79.0	504.1378118991852
199	95.57686	1.3262966	97.15839	93.50704	1000.0	7.671756	2.8507268	29.651876	6.027899	800000	-4.7683717e-08	0.06524504	-0.0017915398	-0.018156264	-0.29038548	0.017739099	0.235	6.0	506.2317564487457
200	97.60573	4.599227	102.83119	90.831	1000.0	7.747413	2.8714914	29.94167	6.099203	804000	-1.5199184e-08	0.12718712	-0.011566279	-0.045978896	-0.29068545	0.0061532306	0.06075	79.0	508.7307503223419
201	99.99276	1.5544428	102.01858	97.6518	1000.0	7.7466216	3.0256622	30.21663	6.019781	808000	-1.859665e-08	0.07982238	-0.012788437	-0.02517606	-0.30848038	0.008402806	0.07275	79.0	511.1828305721283
202	101.02659	2.1518881	103.40187	97.9979	1000.0	7.8173976	3.0175917	30.82522	6.0599136	812000	1.7166137e-08	0.04147612	-0.004229125	-0.012713455	-0.31994307	0.016279422	0.1985	50.0	513.852187871933
203	99.25814	1.4213902	100.49892	96.83995	1000.0	7.873661	3.0230691	30.502796	6.188257	816000	4.7683715e-09	0.035195347	0.01051486	-0.004725093	-0.32321873	0.035239723	0.4245	1.0	516.1575303077698
204	98.77812	1.9389154	100.47479	95.54074	1000.0	7.7909594	2.9534419	30.467812	6.1089773	820000	-1.692772e-08	0.06766919	0.004986282	-0.015824981	-0.32326072	0.01749105	0.219	1.0	518.1860523223877
205	101.70023	0.89289755	102.62073	100.58713	1000.0	7.8124423	2.9470663	30.398731	6.121977	824000	8.106232e-09	0.041975416	0.0049707536	-0.009270135	-0.3233947	0.015219535	0.16175	1.0	520.5133202075958
206	101.15111	3.6601627	106.72651	96.45221	1000.0	7.8744373	2.9813902	30.774849	6.170994	828000	4.2915342e-09	0.08399238	-0.01384342	-0.021549702	-0.32354757	0.015365659	0.1555	52.0	523.1345522403717
207	101.46438	3.1742568	106.65971	98.71949	1000.0	7.8978443	2.9881227	30.59851	6.156929	832000	6.484986e-08	0.056652788	0.002790975	-0.006911002	-0.33128345	0.021036157	0.27575	48.0	525.7602081298828
208	99.81168	1.7395667	101.67278	97.8318	1000.0	7.9637413	3.0159647	30.839725	6.217992	836000	4.220009e-08	0.04595663	0.01714575	-0.005193956	-0.34462562	0.0345639	0.413	1.0	527.8249938488007
209	101.73652	1.807385	103.628685	98.872314	1000.0	7.986799	3.0265899	30.775114	6.194889	840000	-4.6014787e-08	0.03708948	0.0058256113	-0.0058328956	-0.34488547	0.019487167	0.297	2.0	529.8578617572784
210	100.91852	3.2012389	104.13145	95.84271	1000.0	7.8814874	2.9988003	31.004503	6.205692	844000	3.117323e-08	0.05790929	0.013105921	-0.013378784	-0.34545484	0.033784773	0.35475	1.0	531.8934128284454
211	96.91564	5.1946974	104.3845	90.50183	1000.0	7.8190513	2.8824487	30.347744	6.1491294	848000	-3.3378602e-09	0.06437651	0.0078825755	-0.013493612	-0.34574276	0.02328714	0.2775	1.0	534.2392132282257
212	100.87331	2.4538505	103.50871	97.36724	1000.0	7.876411	2.967951	30.80807	6.166958	852000	-3.695488e-09	0.03955082	0.0077464846	-0.007986195	-0.34601256	0.025196377	0.32675	1.0	536.5829575061798
213	100.04882	2.2569864	102.64861	97.218056	1000.0	7.821753	3.001399	30.961258	6.1503706	856000	4.2676927e-08	0.03575077	0.0009137104	-0.0032097735	-0.34626424	0.015858332	0.22075	2.0	538.8565754890442
214	73.26759	49.4829	102.56544	-12.428489	1000.0	7.3651495	3.5892684	31.247688	-20.384539	860000	8.8214875e-09	51.235855	0.009961608	-13.634937	-0.3467263	0.037983224	0.4195	1.0	540.8451020717621
215	101.527054	1.118172	102.458916	99.65734	1000.0	6.432214	3.5657103	31.805695	-23.958168	864000	-3.3378602e-09	3.8829515	0.015028524	-3.5699837	-0.34694198	0.038261887	0.464	1.0	542.8443789482117
216	101.489426	3.2642946	104.84571	96.56807	1000.0	7.8207965	3.1010656	31.200905	-6.1177416	868000	-5.722046e-09	0.38134646	0.013998642	-0.21903399	-0.34711888	0.046185493	0.4745	1.0	544.8546388149261
217	99.523705	0.9407994	100.54842	98.01937	1000.0	7.927666	2.967376	31.11121	5.193012	872000	-4.4584276e-08	0.13534479	0.011753968	-0.033995546	-0.34725493	0.018336143	0.31875	1.0	547.1874992847443
218	100.97881	0.89012057	101.94094	99.52294	1000.0	7.8834705	3.0388243	31.138977	6.028895	876000	-4.315376e-08	0.1185908	0.004646081	-0.043142304	-0.34734648	0.015206771	0.20975	1.0	549.2194182872772
219	102.13292	2.5591156	105.64682	98.79113	1000.0	7.96726	3.14385	31.37604	6.1577015	880000	1.4901161e-08	0.0839673	-0.01185416	-0.023457162	-0.34740996	0.0045047808	0.08	79.0	552.0191066265106
220	100.67842	1.9806035	103.76104	98.26104	1000.0	7.87489	3.0498767	31.30545	6.155637	884000	1.0490417e-08	0.060472917	0.009124797	-0.010569569	-0.35000244	0.01968811	0.34175	5.0	554.1215310096741
221	101.006325	3.9354205	105.538895	94.71493	1000.0	7.8803225	3.132282	31.491446	6.1144104	888000	8.8214875e-09	0.08489246	0.0040667974	-0.012950674	-0.35045573	0.02333629	0.306	3.0	556.1662230491638
222	100.41868	1.3468297	102.61292	98.95458	1000.0	7.8774676	3.1654122	31.71085	6.025124	892000	5.2690506e-08	0.058219336	-0.011476139	-0.005232092	-0.35102445	0.0070379805	0.06625	79.0	558.7123181819916
223	98.38461	3.7402537	102.56041	93.63955	1000.0	7.7958183	2.9674122	30.862162	5.939228	896000	4.053116e-08	0.16753975	-0.013198231	-0.015790835	-0.35926938	0.009452366	0.05375	79.0	561.8619859218597
224	101.0259	1.5904095	103.472565	99.26798	1000.0	7.7486935	2.9385672	30.889729	6.078338	900000	-4.4107438e-08	0.07351579	-0.0101367375	-0.03561503	-0.3411953	0.0057358877	0.0545	79.0	564.4811832904816
225	101.57952	0.79677486	102.95648	101.06105	1000.0	8.018934	3.057706	31.3252	6.282245	904000	0.0	0.066174604	-0.012017293	-0.0122360885	-0.34686202	0.005037601	0.0495	79.0	567.6881663799286
226	99.40761	2.3928835	101.75731	95.91313	1000.0	7.8936934	3.0189736	31.41981	6.2183766	908000	-3.5345554e-08	0.09413634	-0.0026414578	-0.020006612	-0.3462459	0.017999103	0.26425	14.0	570.4417440891266
227	100.74298	3.2763188	104.40401	95.93346	1000.0	7.817543	3.0927055	31.436434	6.1013145	912000	-2.193451e-08	0.045970842	-0.015884524	-0.008857053	-0.34744248	0.007937724	0.083	79.0	573.3454222679138
228	66.16237	51.72293	99.56559	-23.340094	1000.0	5.701992	4.629808	30.840658	-6.730137	916000	-1.4305114e-08	2.2119691	-0.010527092	-1.2359946	-0.37281296	0.0027838785	0.064	79.0	576.5601322650909
229	104.6136	1.1838495	106.04222	102.75067	1000.0	8.073941	2.8568041	29.664042	6.4412484	920000	2.6941299e-08	0.13337539	-0.011211421	-0.091598056	-0.38028085	0.0022524772	0.06625	79.0	579.1068637371063
230	99.370636	3.8131948	104.05973	93.49945	1000.0	8.0905075	2.9438941	30.560751	6.350866	924000	-2.4139881e-08	0.14073938	-0.0008075272	-0.048013568	-0.40666774	0.018577255	0.2175	2.0	581.4231462478638
231	100.77759	1.7453527	103.66929	99.0421	1000.0	7.933298	2.892982	30.240282	6.2707524	928000	4.529953e-09	0.05259517	-0.0140977325	-0.019127883	-0.4070799	0.008308387	0.083	79.0	584.2069685459137
232	101.410706	1.4212593	102.71634	99.05867	1000.0	8.003404	2.9644802	30.452091	6.296621	932000	-2.026558e-08	0.041486323	0.0010866413	-0.009582162	-0.4170476	0.024281021	0.3165	2.0	586.5514922142029
233	103.74892	0.68932605	104.85826	103.16389	1000.0	8.117746	3.0280488	31.28304	6.3823633	936000	1.7523766e-08	0.040598482	-0.011797316	-0.018234732	-0.4174415	0.004641518	0.07575	79.0	589.1638102531433
234	100.87497	2.346782	104.68628	98.68421	1000.0	8.120434	2.9245896	30.510052	6.3704596	940000	2.0742416e-08	0.03989419	0.00072925404	-0.0065504313	-0.43646985	0.025235612	0.34	4.0	591.2427608966827
235	100.09862	3.323716	104.4793	96.06905	1000.0	7.9880276	2.9108622	31.198841	6.3130093	944000	-4.386902e-08	0.062442515	0.028839769	-0.013408955	-0.43693587	0.09565956	0.62125	1.0	593.3063526153564
236	97.989426	4.8433948	105.9629	93.10554	1000.0	7.913867	2.8828115	30.656363	6.2290983	948000	3.2663344e-08	0.06940951	0.03116793	-0.013350725	-0.43702132	0.051784508	0.538	1.0	595.3819692134857
237	98.76632	3.6590524	103.39908	93.92013	1000.0	7.922507	2.8512716	29.886896	6.2581334	952000	2.1129846e-08	0.063201584	0.033707313	-0.013077237	-0.43706688	0.09387322	0.6215	1.0	597.884414434433
238	102.950424	2.1542308	104.92624	99.35439	1000.0	7.984673	3.0084045	30.549688	6.2379537	956000	-3.695488e-08	0.04849434	0.037278462	-0.012573548	-0.43711108	0.05694298	0.573	1.0	599.9478144645691
239	99.97617	1.7992675	102.15475	97.413635	1000.0	7.938839	3.064842	31.673553	6.281934	960000	-2.503395e-09	0.057982422	0.040467575	-0.019237217	-0.43717316	0.080193095	0.58525	1.0	602.5243444442749
240	81.31635	29.617706	99.38287	30.058777	1000.0	5.609375	4.705727	29.922052	-1.5368236	964000	-4.6491624e-09	2.7098887	0.00946017	-2.1869524	-0.43724793	0.048206262	0.46775	1.0	604.5675668716431
241	95.16576	3.7550979	100.36329	91.50776	1000.0	7.7361493	2.828339	29.79219	5.5032096	968000	-2.4676323e-08	0.12208747	0.024269376	-0.04907252	-0.43737096	0.058463845	0.4985	1.0	606.592933177948
242	99.431816	1.3523701	100.57809	97.18474	1000.0	7.66459	2.908085	30.7135	5.684696	972000	-1.0490417e-08	0.09483157	0.013671058	-0.03371696	-0.43753505	0.023702951	0.32275	1.0	608.6292886734009
243	93.11596	5.0336246	99.32127	86.54311	1000.0	7.5870523	2.8634894	30.878174	5.4320526	976000	4.9114227e-08	0.1610132	0.00086486887	-0.07342967	-0.43772212	0.01834837	0.17625	2.0	610.9201202392578
244	95.53444	0.56081724	96.11549	94.63864	1000.0	7.55981	2.7931812	28.921913	5.4784	980000	5.4478644e-08	0.095011674	0.012949309	-0.024325773	-0.43794453	0.028980957	0.3745	1.0	612.949036359787
245	95.789764	5.4541616	102.72661	88.946304	1000.0	7.529227	2.867941	30.828188	5.4615397	984000	2.2649765e-08	0.071504906	0.019472286	-0.01815619	-0.43806964	0.04025819	0.44575	2.0	615.247311592102
246	98.396286	3.021609	100.98662	93.50196	1000.0	7.6034074	2.969325	30.77399	5.4380774	988000	5.2452087e-09	0.064412445	0.031622693	-0.011772778	-0.43836352	0.05021845	0.51375	1.0	617.827180147171
247	95.41003	5.027033	99.5595	86.85695	1000.0	7.5162773	2.8653958	30.875706	5.3101387	992000	6.556511e-10	0.06254713	0.012534583	-0.008968465	-0.43859205	0.025502196	0.347	1.0	620.2747852802277
248	96.99209	2.5120788	100.256065	93.52386	1000.0	7.584181	2.9111772	30.994967	5.4160023	996000	3.8146974e-09	0.039856635	-0.0051967036	-0.0050895363	-0.43880603	0.015141697	0.199	66.0	623.2759449481964
249	92.92601	2.568407	95.958694	88.94476	1000.0	7.3808017	2.9069424	31.36387	5.1558757	1000000	-1.4781952e-08	0.08856579	0.014415472	-0.03156498	-0.46068063	0.033559233	0.4055	1.0	625.7757353782654
250	93.44589	3.4646592	98.52606	89.97754	1000.0	7.446821	2.7553046	29.665897	4.8588552	1004000	1.1444092e-08	0.053025864	0.008667067	-0.012136549	-0.46080422	0.019020949	0.27675	1.0	628.0560154914856
251	97.23816	1.5726237	99.169815	95.39909	1000.0	7.611082	2.8147566	29.613092	5.476172	1008000	4.172325e-08	0.06715025	0.010274031	-0.018786818	-0.46094856	0.020796582	0.27725	4.0	630.3786494731903
252	97.55795	1.5234677	99.74373	95.61003	1000.0	7.6415243	2.7744417	29.723265	5.786521	1012000	5.722046e-09	0.037431173	0.025095783	-0.016183382	-0.4614818	0.043207996	0.456	1.0	632.4293034076691
253	94.4784	4.429172	100.593414	89.14081	1000.0	7.7338448	2.7231019	30.042389	5.2764454	1016000	-3.7550926e-08	0.071071185	0.024374865	-0.024944201	-0.46160313	0.058395237	0.50925	1.0	634.7164165973663
254	99.238884	1.5032997	100.574776	96.739334	1000.0	7.7513356	2.8881938	29.557693	5.842801	1020000	2.6702882e-08	0.053922657	0.02762719	-0.026568078	-0.46170092	0.06697628	0.54075	1.0	636.8025448322296
255	99.25812	2.272049	101.70134	96.96354	1000.0	7.9487605	2.9235036	30.761662	6.0352516	1024000	3.015995e-08	0.027238157	0.025705567	-0.006796999	-0.4618053	0.045779463	0.46975	1.0	638.8745558261871
256	102.36364	1.6901474	103.99844	99.91558	1000.0	8.008712	2.9647846	30.960352	6.2472425	1028000	-2.2172928e-08	0.02810787	0.01215064	-0.006457025	-0.46196905	0.022537313	0.3275	1.0	641.4689095020294
257	98.88467	5.4432397	104.5892	93.26618	1000.0	8.008605	3.027248	31.129524	6.2298293	1032000	1.8835069e-08	0.041061126	0.018339425	-0.009875121	-0.46220297	0.0354667	0.41325	1.0	643.739018201828
258	101.98448	3.093869	105.24268	98.456795	1000.0	7.9975634	2.9367516	31.146715	6.1704183	1036000	5.722046e-09	0.028621627	0.009236958	-0.006300904	-0.46244633	0.020466883	0.24975	1.0	646.4404599666595
259	97.73044	4.6350513	101.88576	89.878235	1000.0	7.99883	2.8469284	30.425468	6.1764593	1040000	-2.861023e-09	0.05510044	0.0028281468	-0.022204485	-0.46270752	0.021337291	0.279	3.0	648.5046801567078
260	99.25318	1.8846596	101.1762	96.9458	1000.0	8.001342	2.9294803	31.165167	6.142513	1044000	-1.4781952e-08	0.04879329	0.0020323696	-0.009308483	-0.46383536	0.018059006	0.23825	1.0	651.1321730613708
261	84.02185	30.196451	104.468216	31.820301	1000.0	6.761054	3.9278486	31.690649	-4.2939973	1048000	4.053116e-09	1.7779902	-0.0013766286	-1.2255757	-0.46427357	0.020893337	0.3095	2.0	653.7675912380219
262	102.30601	3.9205637	107.89669	97.223175	1000.0	8.053449	2.9038568	31.506285	6.3420997	1052000	4.386902e-08	0.07500546	0.00033743048	-0.04132734	-0.46505103	0.019407904	0.26825	4.0	655.853364944458
263	98.37064	2.952678	101.08908	93.43419	1000.0	7.973417	2.8415093	30.835613	6.305869	1056000	4.2676927e-08	0.058922958	-0.0025843314	-0.017093055	-0.46644476	0.025073882	0.25825	2.0	657.9533579349518
264	101.60238	2.6793642	105.53038	98.173615	1000.0	8.018846	2.947532	30.077534	6.141754	1060000	8.678436e-08	0.05467116	-0.017042404	-0.024496062	-0.46713763	0.0073314123	0.08925	79.0	661.1743297576904
265	100.47917	3.6367092	104.10168	95.34558	1000.0	8.077382	2.8788793	30.492306	6.384197	1064000	-5.4836273e-09	0.045867246	-0.01377792	-0.013031602	-0.49387014	0.015616837	0.08625	21.0	663.3484477996826
266	103.42164	0.67754114	104.57162	102.83539	1000.0	8.154801	2.9431465	30.372492	6.421698	1068000	1.9311905e-08	0.022946686	-0.014940164	-0.010290775	-0.49965528	0.0061679864	0.06075	79.0	666.4202351570129
267	106.22179	0.59256005	107.222664	105.706795	1000.0	8.256948	3.0835166	31.18209	6.3754497	1072000	2.5749207e-08	0.025781095	-0.015511262	-0.007257724	-0.50706434	0.005755302	0.08375	79.0	669.2439277172089
268	102.69534	2.7991612	106.66467	98.77938	1000.0	8.217386	2.9075289	31.020878	6.387732	1076000	1.2397766e-08	0.02274115	-0.009486921	-0.008609984	-0.5293736	0.01686074	0.19	14.0	671.8028299808502
269	103.50636	0.5390311	104.291306	102.8524	1000.0	8.207958	2.902589	30.345194	6.5241704	1080000	-3.8206576e-08	0.021063987	-0.013006808	-0.008594407	-0.5292553	0.0083230855	0.07975	79.0	674.3333971500397
270	103.27544	2.6241498	105.77638	98.89985	1000.0	8.287701	2.9666088	30.908516	6.3846593	1084000	-1.2874604e-08	0.01844369	-0.0062785894	-0.0048314678	-0.5512752	0.01783405	0.2355	12.0	676.6780340671539
271	104.33566	1.3555504	106.15325	102.61262	1000.0	8.259462	2.936905	31.28367	6.3800564	1088000	-4.1842462e-08	0.013782276	-0.0067922133	-0.0035735266	-0.5543893	0.01864356	0.248	9.0	678.9932639598846
272	104.85926	2.128194	107.76243	101.88847	1000.0	8.307574	2.8996124	31.021849	6.599263	1092000	-6.6280364e-08	0.012435233	0.007296189	-0.0023336876	-0.5568046	0.022812622	0.31175	4.0	681.2721841335297
273	99.488434	1.4580272	101.642555	97.9467	1000.0	8.270252	2.7510855	29.163118	6.487619	1096000	2.1100044e-08	0.018971052	0.014762828	-0.006784507	-0.5578953	0.043528244	0.423	1.0	683.552412033081
274	104.59341	2.94514	108.00509	100.53017	1000.0	8.428008	2.9605448	31.191027	6.585057	1100000	-3.0755995e-08	0.0200046	0.009942253	-0.009163238	-0.55816984	0.021202443	0.33525	1.0	685.8259353637695
275	105.964325	0.7321463	106.885254	104.8409	1000.0	8.386535	2.9056985	30.213753	6.5572433	1104000	-3.242493e-08	0.01329924	0.007535864	-0.0058121146	-0.55843586	0.022500798	0.2655	1.0	688.4217963218689
276	102.91721	1.225514	103.866005	100.81944	1000.0	8.35253	2.9058907	30.699987	6.62922	1108000	-2.1219254e-08	0.017134368	-0.0124907615	-0.0032112254	-0.5586954	0.015057942	0.19925	70.0	691.4669160842896
277	107.01018	2.563779	110.99067	104.166	1000.0	8.454616	2.9450746	30.826635	6.5339284	1112000	8.1539156e-08	0.02163663	0.0046798224	-0.010223531	-0.57537687	0.015616813	0.2945	1.0	694.1008095741272
278	105.74123	2.1802306	108.530945	103.42143	1000.0	8.428253	3.0206578	31.022615	6.5811434	1116000	8.916855e-08	0.019264137	0.006704185	-0.0029409993	-0.575582	0.018062418	0.16075	4.0	696.2001523971558
279	105.52307	2.7273278	110.028435	102.811226	1000.0	8.410004	3.0123243	31.708345	6.5415773	1120000	-3.71933e-08	0.015443991	0.013432784	-0.006275518	-0.57695985	0.028340343	0.38375	1.0	698.274742603302
280	103.70678	0.83296794	104.902916	102.69317	1000.0	8.447668	2.9042282	29.56	6.583119	1124000	-1.192093e-10	0.0670711	0.017481824	-0.018528052	-0.5772746	0.058185313	0.5035	1.0	700.7949795722961
281	105.30657	2.3071504	107.7533	102.629395	1000.0	8.39303	2.9878254	30.875189	6.327447	1128000	3.528595e-08	0.02891478	0.020966848	-0.018479768	-0.5775796	0.036541767	0.4135	1.0	703.4393887519836
282	104.9211	3.627467	109.73387	100.034454	1000.0	8.487723	3.0591664	31.807539	6.4484086	1132000	-7.009506e-08	0.036914453	0.015170801	-0.015774805	-0.5778502	0.028116768	0.36075	1.0	705.8271999359131
283	105.82526	1.9326468	108.98627	104.123344	1000.0	8.408015	2.9991186	31.414827	5.957469	1136000	1.9073486e-08	0.04866224	0.006341099	-0.0046826974	-0.5781003	0.020668492	0.26	1.0	708.4848210811615
284	104.228516	1.6017727	106.26692	102.28271	1000.0	8.409936	2.8657713	29.928497	6.316556	1140000	7.05719e-08	0.029908435	0.0113400305	-0.01602025	-0.5783518	0.024484549	0.34625	1.0	710.4995033740997
285	104.36301	3.2293012	107.06936	99.02742	1000.0	8.528307	3.0547495	31.717894	6.5115414	1144000	4.9829485e-08	0.022859123	0.013283964	-0.0024783704	-0.5786011	0.026442988	0.3055	1.0	712.5570509433746
286	103.3203	2.9707997	106.6414	99.390305	1000.0	8.336336	2.9586518	31.64148	6.070334	1148000	-1.001358e-08	0.029825939	0.008118941	-0.0052364487	-0.57882863	0.022068594	0.3315	2.0	714.6139175891876
287	106.44253	0.95635545	107.481544	105.0931	1000.0	8.431656	3.1119306	31.864025	5.883443	1152000	-3.576279e-08	0.04460565	0.04461204	-0.01083196	-0.57918996	0.081991985	0.621	1.0	717.2564868927002
288	104.41654	2.2958152	107.21474	101.98014	1000.0	8.383202	2.9549677	30.470865	5.845448	1156000	5.2213668e-08	0.049927827	0.040844798	-0.02964145	-0.5793893	0.06666144	0.585	1.0	719.3006579875946
289	105.45455	4.533983	110.382996	99.63648	1000.0	8.495913	3.070578	32.245834	6.1594276	1160000	1.2040139e-08	0.04830106	0.037740275	-0.010557223	-0.57958543	0.06492265	0.559	1.0	721.8776836395264
290	102.32919	3.3527737	105.9745	98.3089	1000.0	8.348178	2.9447303	31.162943	5.9793262	1164000	3.862381e-08	0.025853409	0.03719208	-0.005740216	-0.5797974	0.064860396	0.55975	1.0	724.5413029193878
291	104.40187	2.8892488	108.067345	100.266396	1000.0	8.393598	2.9834952	31.962584	5.6837034	1168000	-3.004074e-08	0.06332208	0.02135528	-0.011894301	-0.5800394	0.0376503	0.40625	1.0	726.5960400104523
292	107.94994	1.1011481	109.155365	106.23519	1000.0	8.546601	2.998135	30.426638	6.2351995	1172000	2.6226044e-09	0.032061107	0.024752185	-0.018738566	-0.5803034	0.050812423	0.4735	1.0	729.1527256965637
293	84.11656	39.165524	107.692	16.295006	1000.0	8.373035	3.2434332	31.638876	-5.9333825	1176000	-1.1146069e-08	52.748863	0.00620139	-17.418262	-0.5805912	0.024767976	0.31425	1.0	731.1997151374817
294	108.09456	1.7280608	111.03695	106.59665	1000.0	7.0507	3.6642263	31.170942	-24.4962	1180000	-3.0994416e-09	4.633239	0.0033580163	-4.424073	-0.5808243	0.03148587	0.34875	1.0	733.77574467659
295	107.204926	1.9721924	109.77922	104.254555	1000.0	8.52838	3.0176919	30.860987	6.646872	1184000	9.846687e-08	0.10456327	0.014116355	-0.043563724	-0.5810427	0.020033667	0.347	1.0	736.034042596817
296	107.85712	2.1686792	110.09602	104.378365	1000.0	8.631961	3.044031	31.459541	6.594025	1188000	3.5762786e-09	0.18060409	0.012422927	-0.034313098	-0.58122766	0.037965897	0.43175	1.0	738.4534933567047
297	105.51235	4.010209	111.014885	100.815674	1000.0	8.607103	3.0425758	31.187595	6.6474056	1192000	9.536744e-10	0.05636248	0.009639565	-0.010797065	-0.58136666	0.025987834	0.3095	1.0	740.4552919864655
298	108.035805	1.4532738	109.96748	106.43402	1000.0	8.684078	3.0132277	30.867882	6.870638	1196000	7.390976e-09	0.048307013	0.0001407783	-0.01064967	-0.58144456	0.021387877	0.23425	2.0	742.4915633201599
299	106.66531	1.759599	108.27931	103.89785	1000.0	8.622365	2.990415	30.403545	6.7922864	1200000	5.6266785e-08	0.039062977	0.03756043	-0.007359121	-0.58154094	0.10582137	0.6045	1.0	744.5443153381348
