Epoch	AverageEpRet	StdEpRet	MaxEpRet	MinEpRet	EpLen	AverageVVals	StdVVals	MaxVVals	MinVVals	TotalEnvInteracts	LossPi	LossV	DeltaLossPi	DeltaLossV	Entropy	KL	ClipFrac	StopIter	Time
0	-116.3371	187.54045	-2.2347674	-737.3771	172.73914	-0.025337452	0.15587765	0.46307862	-0.4659121	4000	-7.259846e-08	2820.6416	-0.017172938	-766.84766	0.9189443	0.015139702	0.20175	6.0	3.724546432495117
1	-208.92274	269.0954	12.243006	-701.09186	344.81818	-9.374788	0.21638504	-7.5094457	-9.602699	8000	5.4836274e-08	2110.1646	-0.0162716	-477.28772	0.9174227	0.015399644	0.22375	11.0	7.561195135116577
2	-74.65956	110.87271	12.398735	-547.1688	127.56	-15.856367	0.10402128	-14.582311	-15.913824	12000	7.2836876e-08	1138.5017	-0.0126938755	-160.13434	0.9143536	0.015810689	0.18925	10.0	11.382742643356323
3	-136.63322	210.76233	-2.9850335	-624.4954	237.3125	-19.722212	0.0676738	-18.414736	-19.755713	16000	3.838539e-08	1123.388	-0.013882843	-217.30725	0.9118037	0.016590131	0.1735	10.0	15.826730251312256
4	-67.29681	132.42601	4.9061093	-552.0554	124.72414	-24.198675	0.06409671	-23.159664	-24.222504	20000	-2.193451e-08	677.4406	-0.0445578	-61.341125	0.9094622	0.00970213	0.1975	79.0	21.125061511993408
5	-104.37164	163.44537	11.335	-523.2106	187.8125	-26.773195	0.15939794	-22.710524	-26.81453	24000	2.384186e-10	665.01	-0.015016041	-96.42828	0.89700943	0.015866105	0.1975	8.0	26.071089029312134
6	-88.6466	132.16342	4.0032344	-509.33755	173.78261	-30.002113	0.05585715	-28.908707	-30.018496	28000	-1.013279e-08	358.11536	-0.05114409	-22.730804	0.89563924	0.012793527	0.2155	79.0	31.126092672348022
7	-85.368324	132.57619	6.8351545	-485.12823	182.16667	-31.101429	3.0236502	28.215994	-31.483799	32000	-4.529953e-09	373.9909	-0.05163989	-25.042816	0.8869844	0.015014512	0.22125	72.0	35.606789112091064
8	-106.10309	152.98427	-5.3841	-508.88043	213.6875	-32.559444	3.5273602	32.177177	-32.99547	36000	-2.6226044e-09	308.32727	-0.014249519	-19.670624	0.8709584	0.01594537	0.24025	8.0	39.412110805511475
9	-63.15679	91.007126	11.586275	-444.55182	125.870964	-33.221256	5.207789	33.314785	-34.21606	40000	-3.3378602e-09	538.8231	-0.01131628	-82.8869	0.8694807	0.017292652	0.19525	7.0	44.41338491439819
10	-129.01225	170.05602	-0.87240803	-503.95837	234.29411	-30.206476	5.866296	15.616311	-34.39611	44000	-1.4781952e-08	363.85956	-0.010893653	-113.834625	0.86798483	0.01786741	0.20525	6.0	48.999035596847534
11	-47.169228	73.98916	4.234515	-427.48215	105.945946	-35.011005	5.0368805	31.609596	-36.47661	48000	1.168251e-08	473.55377	-0.011857274	-147.41565	0.8667566	0.017488174	0.219	6.0	52.668718338012695
12	-71.3736	117.51357	4.5117807	-508.59018	152.96153	-25.448532	6.281762	15.213944	-35.33256	52000	1.9073487e-09	352.94736	-0.012042463	-132.53577	0.8654762	0.015753364	0.23325	7.0	56.34901309013367
13	-70.17613	102.61132	1.6121	-387.33792	166.7619	-28.460718	8.797309	13.63025	-36.02919	56000	-2.4795533e-08	216.66518	-0.013445367	-27.117172	0.8635956	0.015564409	0.222	7.0	61.16031241416931
14	-63.248745	121.27004	23.205132	-507.51437	158.56	-29.287415	8.136019	0.001256913	-36.82229	60000	1.6212464e-08	320.2355	-0.013444452	-51.818817	0.8614556	0.017725239	0.22175	7.0	65.3913586139679
15	-62.093056	101.237465	9.38022	-408.71475	141.24	-27.38827	9.778583	16.857157	-37.230003	64000	-2.5629998e-09	561.2217	-0.012371747	-122.084076	0.85936403	0.016182648	0.239	9.0	69.23643493652344
16	-53.646732	75.69094	9.60423	-397.33902	131.72	-31.12735	8.800199	11.883854	-38.434086	68000	-3.7550927e-09	243.82104	-0.013162757	-86.10521	0.85703945	0.015926488	0.21275	8.0	72.95041298866272
17	-54.47949	107.11956	15.360975	-429.08405	139.66667	-27.078688	10.479334	7.577902	-38.518524	72000	1.6212464e-08	245.67586	-0.013326777	-61.414047	0.8551239	0.015737701	0.24625	8.0	76.68332314491272
18	-53.96084	113.22455	8.7994795	-442.64514	142.86957	-30.258938	11.115383	35.553192	-39.214767	76000	1.0848045e-08	176.80666	-0.012683308	-32.814346	0.8528864	0.017508183	0.2435	8.0	80.39765739440918
19	-42.71143	90.259926	38.479046	-353.12317	148.14815	-26.088465	13.462439	25.432713	-39.492676	80000	-4.768372e-10	225.88878	-0.014870403	-80.76695	0.85034275	0.0159445	0.23125	9.0	84.12867188453674
20	-44.483852	118.82725	28.697386	-480.5137	128.68	-25.660957	13.540858	12.950928	-39.356888	84000	-9.894371e-09	285.51144	-0.012341707	-89.82611	0.8479832	0.0151443565	0.19525	7.0	88.27084875106812
21	-66.11479	104.733215	26.590166	-350.59418	189.1579	-27.61077	12.29193	26.560713	-39.164852	88000	4.440546e-09	160.18655	-0.013143775	-45.519554	0.84630597	0.016734796	0.211	8.0	92.00806784629822
22	-57.229942	96.79649	27.474754	-363.22327	153.11539	-26.558094	10.631305	7.4505296	-38.796455	92000	-6.496906e-09	273.01752	-0.0135545	-64.61311	0.84430075	0.01506179	0.19575	7.0	95.64106583595276
23	-55.603264	95.60965	23.784012	-382.27643	145.85185	-25.969204	12.0136	5.8447304	-39.158134	96000	-4.053116e-09	216.29088	-0.010407797	-46.479202	0.84236294	0.015907334	0.22125	7.0	100.16911554336548
24	-59.76637	102.630455	11.888308	-367.95404	183.2	-27.21625	11.687754	8.593515	-39.01008	100000	2.4437905e-09	266.08603	-0.014441373	-70.1228	0.8404178	0.01885424	0.19675	7.0	104.9831440448761
25	-62.8969	104.20528	27.387518	-442.17587	165.81818	-27.731733	9.387326	19.098938	-38.30533	104000	-1.2874604e-08	190.35135	-0.010111526	-72.33332	0.83877015	0.015102279	0.204	7.0	109.2692003250122
26	-69.53612	103.702835	15.521744	-376.6206	186.6	-28.074078	11.559819	10.610691	-39.140923	108000	-2.4199485e-08	193.54945	-0.013714228	-44.337326	0.83749586	0.017824398	0.25025	8.0	113.70196008682251
27	-40.622	75.9365	30.323067	-444.10022	104.789474	-23.264563	10.36211	9.0059185	-38.681038	112000	-5.9604643e-10	365.5782	-0.011493258	-93.86395	0.83555335	0.015555649	0.2105	8.0	117.44366359710693
28	-77.86929	127.50287	18.97084	-377.96613	234.52942	-30.725592	8.950956	15.246797	-38.838245	116000	7.2717667e-09	186.60783	-0.013933678	-58.89605	0.83387816	0.015429681	0.20575	7.0	121.17319512367249
29	-46.91058	86.66195	28.727522	-353.03134	138.28572	-25.48456	11.822279	6.806875	-38.454308	120000	-4.529953e-09	276.4604	-0.0126603795	-64.59674	0.8323594	0.01694232	0.21075	7.0	125.43909406661987
30	-112.12012	147.68335	-2.9287379	-429.91098	322.91666	-28.165808	9.3278475	16.355764	-38.103764	124000	7.152557e-09	129.28963	-0.015568819	-38.5506	0.830533	0.015657378	0.22975	10.0	130.28668689727783
31	-86.62236	128.58821	10.310991	-399.02713	234.46666	-28.660936	9.116052	8.913194	-37.67072	128000	2.1457671e-09	133.64029	-0.015093954	-30.690865	0.8274244	0.015779722	0.217	8.0	134.034903049469
32	-47.50985	76.237785	9.096739	-298.5196	131.34616	-28.046991	10.090139	9.86737	-37.83481	132000	-1.0967255e-08	138.10286	-0.012257747	-42.170097	0.82479686	0.015581003	0.22625	8.0	138.73817944526672
33	-17.633621	46.337532	74.35474	-245.88731	92.3421	-20.171116	9.860513	22.692282	-36.482914	136000	1.6510487e-08	311.8695	-0.049813647	-100.2343	0.8222061	0.011054672	0.21875	79.0	143.50783586502075
34	-87.50455	131.19606	43.013412	-364.26544	260.75	-22.995579	11.319943	10.779847	-36.201256	140000	1.9788741e-08	305.34982	-0.016293244	-150.091	0.81326985	0.015075249	0.2465	11.0	148.242116689682
35	-37.901474	70.748344	11.660505	-303.03195	147.85185	-27.436636	9.614416	8.937414	-36.977795	144000	7.152557e-09	210.10457	-0.016027566	-81.31076	0.81147873	0.015452196	0.2615	10.0	152.0185375213623
36	-30.715029	78.76349	34.837223	-405.06546	115.96154	-19.642008	9.498589	7.0491056	-34.221424	148000	-3.3378602e-09	240.79636	-0.013192271	-53.50154	0.80891675	0.017426888	0.22725	7.0	156.32270097732544
37	-28.635885	58.37748	69.06468	-323.44348	91.30556	-20.248703	11.787884	14.635936	-35.75795	152000	7.450581e-09	261.3837	-0.012997346	-57.53595	0.8072377	0.016137885	0.204	8.0	160.00702810287476
38	-22.234516	74.92808	46.002266	-376.73215	112.77143	-18.124426	11.235905	15.5994005	-34.252605	156000	1.4305115e-09	221.50153	-0.014101297	-65.939285	0.8049317	0.017846925	0.24425	7.0	164.40570211410522
39	-38.56785	92.606735	33.06914	-366.96042	156.30435	-15.7281885	11.984847	17.354229	-33.02957	160000	-4.9471853e-09	273.86038	-0.012872417	-100.06847	0.80270106	0.016169002	0.223	6.0	168.62115287780762
40	-33.544716	73.06478	23.344578	-321.26166	127.17857	-21.433422	10.599698	18.472147	-34.383728	164000	7.1525574e-10	170.46141	-0.00992767	-40.33304	0.80090004	0.015739355	0.209	8.0	172.85215973854065
41	-86.58563	110.11478	1.3674885	-306.9516	346.0909	-24.890017	8.167713	10.999111	-33.34665	168000	5.9604643e-10	156.14285	-0.01542006	-31.199272	0.79865956	0.017525269	0.249	8.0	176.62055492401123
42	-27.225962	66.56802	27.844637	-377.40915	104.72973	-18.332222	8.554323	12.273337	-32.71673	172000	-1.3232231e-08	309.84036	-0.014587711	-61.393234	0.79561454	0.016317556	0.264	9.0	180.86371231079102
43	-26.631227	73.11069	31.478493	-282.1078	151.8077	-20.377932	11.037378	15.936365	-34.82627	176000	1.6450882e-08	148.8144	-0.013735114	-51.00553	0.7925435	0.016398141	0.22225	9.0	185.0593342781067
44	-44.86331	75.70512	29.673254	-261.46127	172.26315	-18.744091	10.253878	11.997872	-32.32251	180000	2.1457671e-09	164.69067	-0.0143189365	-39.804237	0.78958535	0.016643157	0.20575	6.0	189.3515293598175
45	-14.670573	34.8635	31.975346	-190.86859	94.02564	-13.431756	10.554378	14.929065	-32.300117	184000	1.0967255e-08	131.09071	-0.009600418	-56.94069	0.78771865	0.015213924	0.19675	6.0	193.7594051361084
46	-33.24349	52.63296	1.6425827	-247.44014	115.69231	-14.149313	9.282881	13.146684	-28.925718	188000	8.9406965e-10	199.59557	-0.051700603	-75.71758	0.7861002	0.012500697	0.23875	79.0	197.97135400772095
47	-11.429165	37.762028	34.896915	-176.28426	106.333336	-18.698515	6.4300365	3.0606859	-30.160442	192000	-3.2782554e-09	284.18314	-0.051835302	-111.36485	0.7713476	0.015012325	0.249	69.0	203.41435146331787
48	-13.165276	44.889538	59.219025	-186.40211	128.74193	-9.716094	8.854904	17.442703	-28.046062	196000	-8.5830685e-09	216.75165	-0.01411452	-50.816055	0.7587561	0.016618948	0.2025	8.0	208.24592900276184
49	-27.767393	69.361206	34.726933	-219.9469	145.08	-13.777062	7.737663	12.716405	-27.073605	200000	-1.8417834e-08	288.11743	-0.012452147	-85.59216	0.7574854	0.016028496	0.238	8.0	212.47765922546387
50	-16.173355	51.069397	59.38018	-258.68503	113.942856	-10.34533	10.610516	17.857937	-34.100616	204000	4.7683715e-09	335.03802	-0.012993841	-70.03119	0.7555151	0.017760105	0.20425	7.0	216.83698439598083
51	-17.700254	47.761482	76.99547	-177.7713	144.34616	-14.83126	10.370716	14.922746	-32.192535	208000	2.861023e-09	232.20816	-0.011557019	-85.165634	0.753558	0.016650515	0.21425	7.0	220.47806429862976
52	-11.572843	41.323463	38.591057	-149.4782	139.84	-12.537077	8.626594	11.841145	-27.010838	212000	8.5830685e-09	118.93092	-0.013951565	-25.676712	0.75145304	0.016831791	0.2295	9.0	224.16531085968018
53	-11.101597	43.0753	54.103687	-169.7243	158.8421	-10.240319	7.803068	10.779471	-25.714073	216000	-6.6757204e-09	149.10104	-0.014404464	-43.227356	0.74853843	0.016269758	0.1985	7.0	228.0606369972229
54	-17.34761	51.571053	45.655346	-138.51093	285.57144	-11.745905	8.644638	13.411976	-23.288853	220000	-8.106232e-09	86.71577	-0.012687444	-23.27229	0.7460951	0.016620409	0.2435	8.0	231.989648103714
55	-30.565235	54.889355	24.691483	-152.50768	215.28572	-9.338797	7.708809	12.228902	-20.443584	224000	2.7418137e-09	152.08542	-0.01423919	-57.15159	0.7430835	0.01698988	0.2515	8.0	236.55651807785034
56	-13.591091	32.955864	40.365887	-115.49745	177.77272	-10.998704	6.1224847	10.838728	-26.096846	228000	2.7656554e-08	120.58419	-0.01100297	-31.009514	0.7403429	0.0153861	0.1625	6.0	240.70408487319946
57	-0.34832165	27.598377	61.20089	-83.8235	85.022224	-4.784612	6.071351	11.399461	-21.16165	232000	-7.152557e-09	275.46667	-0.01265347	-45.370636	0.73823434	0.017145583	0.2245	6.0	244.6881730556488
58	-11.377425	44.98922	74.201065	-148.83102	180.40909	-6.8648343	7.517135	15.9156685	-22.296171	236000	-8.8214875e-09	202.96259	-0.051543806	-51.908905	0.7362304	0.013429761	0.2365	79.0	249.51225876808167
59	4.572825	35.036285	65.68228	-102.12047	124.7	-1.4124523	9.082539	18.481657	-21.13011	240000	1.8179417e-08	260.28534	-0.014051857	-67.77467	0.7233764	0.015433109	0.245	8.0	253.2807023525238
60	0.8072542	28.583479	31.746622	-95.34142	146.27272	-5.2711782	5.6726294	14.728767	-19.597223	244000	4.768372e-10	79.09689	-0.013433521	-20.484474	0.72208387	0.015414055	0.19475	6.0	257.79292821884155
61	0.46974137	28.372032	85.22703	-62.57072	105.210526	-1.5462707	6.5507445	15.310705	-15.84293	248000	-2.9206275e-09	244.69582	-0.011562938	-37.54048	0.72043055	0.016295746	0.21275	6.0	262.5900340080261
62	2.9919941	43.59792	62.339615	-148.86826	155.45	-5.2920675	8.565199	17.345232	-25.517561	252000	7.152557e-09	276.76172	-0.011775816	-53.076904	0.7186397	0.016004412	0.234	8.0	267.2770698070526
63	3.7487547	26.092274	60.828876	-51.93841	166.21739	-5.2199526	7.2319546	17.3263	-23.296642	256000	8.5830685e-09	153.35162	-0.013343715	-49.49952	0.7164698	0.017739307	0.2435	7.0	271.1837704181671
64	-5.89921	35.802944	55.235275	-88.09294	259.0	-3.2237954	6.0578365	17.581444	-21.232132	260000	1.6450882e-08	77.84602	-0.012915022	-13.528267	0.7142088	0.015733544	0.2595	8.0	275.67106795310974
65	10.00193	26.511852	80.28237	-42.568295	173.5	-1.6297572	6.353543	16.384216	-15.435988	264000	6.437302e-09	174.02365	-0.013776193	-34.735687	0.71129006	0.018437095	0.20825	7.0	279.9245390892029
66	-11.255706	47.026905	83.048904	-139.2012	169.08696	-1.3342587	5.435197	16.129663	-20.050554	268000	-9.536744e-10	386.06357	-0.011061216	-148.93492	0.7089997	0.015386183	0.26625	7.0	284.0907483100891
67	-13.953627	29.69822	41.240158	-61.484814	439.44446	-11.364552	6.7656693	14.658903	-26.757143	272000	2.4557114e-08	192.03795	-0.013742269	-95.54879	0.70707303	0.015357041	0.26825	7.0	289.3360514640808
68	3.3510904	29.124424	59.891953	-64.724945	168.88889	-4.483828	4.231363	12.294533	-23.937695	276000	1.7881394e-08	145.72841	-0.013686955	-40.61693	0.7051058	0.016208375	0.24175	9.0	293.8588242530823
69	5.4909773	19.610243	48.143543	-22.19119	242.53847	-0.81688654	4.9146013	15.449738	-20.079735	280000	1.6212464e-08	81.27127	-0.011612149	-13.285805	0.70266503	0.015672734	0.2075	8.0	299.222549200058
70	20.121183	31.901302	105.03477	-12.898796	192.38889	1.789075	5.774436	16.958431	-17.627773	284000	-2.6226044e-09	147.2595	-0.010924323	-32.987526	0.70045704	0.015266119	0.231	7.0	303.5448303222656
71	15.200142	19.240417	48.34179	-11.083358	192.35294	2.584322	5.055893	17.251894	-10.1454115	288000	-2.2768974e-08	63.168133	-0.0153812505	-9.457527	0.6981159	0.015450323	0.2525	10.0	307.5469307899475
72	2.515007	28.574898	88.90695	-54.64668	128.53847	4.011029	4.4425335	16.05492	-15.145616	292000	2.384186e-10	129.9661	-0.014751046	-31.652733	0.6942775	0.017502625	0.2315	6.0	311.510781288147
73	18.918398	51.332546	133.1002	-77.05493	227.47058	-0.31918243	5.708456	17.82322	-17.462715	296000	1.5616417e-08	385.8602	-0.010690183	-76.20993	0.69196457	0.016448203	0.185	7.0	315.4496183395386
74	7.289196	29.357693	85.53836	-50.93886	184.2381	3.5121303	6.709863	20.501019	-27.090803	300000	-1.9073487e-09	164.37387	-0.010864762	-42.167732	0.6894629	0.016974023	0.1735	6.0	319.3512315750122
75	9.654925	25.770077	48.65051	-32.22017	344.72726	-0.46173975	5.6204205	19.799187	-21.933561	304000	2.5749207e-08	85.82153	-0.013923045	-22.527626	0.68744123	0.015478316	0.23825	8.0	323.4995698928833
76	18.151241	34.2112	140.32434	-21.352411	163.14285	2.4667673	6.665209	20.136087	-22.618942	308000	-6.437302e-09	217.1616	-0.014823173	-42.799362	0.6840721	0.015086609	0.2675	10.0	327.89099383354187
77	20.33162	21.775127	80.610725	-2.5720112	234.64706	0.92624867	6.438446	22.582867	-22.21804	312000	1.0967255e-08	101.04106	-0.014950853	-41.082584	0.6807056	0.015545153	0.2165	9.0	331.8534059524536
78	10.507819	22.42471	78.75807	-39.92298	189.80952	6.154554	5.227109	21.125454	-19.93834	316000	8.106232e-09	173.77975	-0.012733216	-60.434288	0.67836094	0.015755374	0.2365	7.0	335.4837439060211
79	5.803628	36.30021	61.77767	-65.04105	246.25	-0.07044968	5.427851	20.830084	-20.46014	320000	4.2915342e-09	203.0961	-0.01398129	-56.24727	0.67635345	0.016875606	0.2485	8.0	340.2165174484253
80	18.92636	25.315182	98.24077	-18.207603	118.80645	3.49531	6.6536317	21.469585	-18.54005	324000	-2.0980835e-08	163.91756	-0.011440598	-40.698807	0.67405987	0.015117835	0.182	6.0	344.556268453598
81	24.347569	28.177597	76.819	-16.851196	199.6	4.8725715	6.1647325	22.611586	-15.8171	328000	-8.523465e-09	163.73466	-0.010538594	-33.74559	0.6724184	0.015666148	0.259	8.0	348.7341105937958
82	3.0376163	26.551283	44.599262	-55.449326	189.09525	3.7258365	4.795603	21.359976	-18.888311	332000	-2.336502e-08	204.56131	-0.04394424	-70.511826	0.6704688	0.015012652	0.206	55.0	353.3757634162903
83	24.66288	32.04353	78.44352	-56.343838	245.625	1.7392492	6.2118235	20.692566	-26.025976	336000	-2.861023e-09	150.24168	-0.013521813	-60.17591	0.6565721	0.015052869	0.211	9.0	357.02586364746094
84	14.90294	32.258957	91.78869	-75.96423	118.703705	6.0493336	7.1711	22.272577	-18.59089	340000	1.6331672e-08	248.62303	-0.014917567	-58.171265	0.6546194	0.015817424	0.231	7.0	361.2304379940033
85	30.135817	36.449585	109.20728	-9.884793	268.23077	4.251329	6.698323	22.162827	-25.511528	344000	2.6226044e-08	117.87769	-0.014129519	-48.029312	0.6526564	0.016676933	0.2465	7.0	364.8434751033783
86	26.245876	35.663784	132.27692	-41.398552	171.04347	7.640448	5.075127	21.76134	-20.182262	348000	9.536744e-10	208.1606	-0.010595592	-37.358337	0.6507588	0.016621405	0.25325	7.0	368.5697612762451
87	39.973312	74.34845	259.9141	-7.616556	311.18182	5.996039	4.2143326	21.495789	-16.14331	352000	1.1205673e-08	181.66562	-0.013559036	-49.149155	0.6488056	0.015624134	0.21425	7.0	372.2250883579254
88	39.11898	40.591843	117.733406	-6.479566	208.66667	9.188528	7.2447534	28.6702	-19.269146	356000	1.525879e-08	160.70738	-0.0141171785	-40.69593	0.64642084	0.017796747	0.2405	7.0	375.9196436405182
89	30.004707	51.737854	151.89172	-25.756207	430.1111	9.589969	6.1069307	30.214106	-21.097174	360000	-2.3841857e-09	173.77763	-0.01064693	-52.816	0.6442067	0.015476368	0.19325	6.0	380.07851791381836
90	33.53445	46.48805	158.24156	-27.066828	206.78947	6.921784	7.6391544	29.550745	-24.054647	364000	6.9141386e-09	249.85823	-0.010405287	-76.80611	0.6425814	0.015032863	0.22125	7.0	383.793016910553
91	23.685574	41.065903	112.13068	-33.137012	284.92856	2.6763403	10.7882805	28.939491	-32.166786	368000	1.1920929e-09	184.24869	-0.05308728	-79.51731	0.6408008	0.015019791	0.25475	79.0	388.4681963920593
92	31.966541	52.400723	139.23143	-37.905113	284.15384	5.4614897	4.645653	27.687204	-16.921274	372000	-1.5974045e-08	175.28731	-0.013482401	-45.771027	0.6285393	0.015191857	0.20925	10.0	392.9358744621277
93	51.468845	57.517776	179.9167	0.6229628	277.14285	7.859602	6.897426	29.420927	-22.324663	376000	-6.9141386e-09	229.18747	-0.013237685	-86.0556	0.6271898	0.015217307	0.17725	7.0	396.6261622905731
94	40.29998	51.070763	125.96519	-42.507816	246.6923	11.828222	4.6726923	29.438042	-10.879788	380000	-1.6570091e-08	126.06747	-0.01355782	-35.500908	0.62576723	0.015256188	0.24175	6.0	400.3071413040161
95	42.742176	45.58446	141.37723	-2.545482	279.5	10.173084	7.770141	30.818495	-20.17462	384000	1.2278557e-08	198.26381	-0.010578495	-53.923218	0.6242736	0.017505856	0.24375	6.0	404.48130893707275
96	19.878761	28.807312	111.08682	-21.789713	196.61111	11.213191	5.6096	28.707214	-14.277796	388000	-1.2665987e-08	138.78362	-0.0104645025	-42.868935	0.6227525	0.015182558	0.219	6.0	408.6836693286896
97	57.572906	38.49665	118.97296	-2.684407	311.1	7.879726	5.1498384	22.81787	-22.655567	392000	2.7179718e-08	157.79166	-0.012143324	-46.073868	0.62106085	0.017093789	0.224	8.0	412.2928538322449
98	39.290745	66.22439	172.6384	-25.672968	261.73334	13.363192	4.785772	27.31655	-10.427157	396000	-1.5616417e-08	201.61896	-0.0117660565	-61.16774	0.6184498	0.01590982	0.23825	8.0	416.0417273044586
99	80.72649	81.39224	243.8849	-12.100456	484.0	9.968591	5.3180676	28.932972	-15.148145	400000	1.6033649e-08	187.83965	-0.052207693	-55.912247	0.61580646	0.014440441	0.26175	79.0	420.3686833381653
